2 0.4722825884819031 0.5637681186199188 0.035869598388671875 0.04057973623275757
2 0.3994565010070801 0.5775362253189087 0.029347777366638184 0.0362318754196167
2 0.42445653676986694 0.5427536368370056 0.027173876762390137 0.042028963565826416
2 0.4750000238418579 0.5942029058933258 0.032608747482299805 0.034782588481903076
2 0.6728260815143585 0.813043475151062 0.023913025856018066 0.031884074211120605
1 0.6934782564640045 0.8268115967512131 0.030434787273406982 0.0362318754196167
1 0.665217399597168 0.7876811623573303 0.023913025856018066 0.027536243200302124
2 0.697282612323761 0.7963768094778061 0.031521737575531006 0.03333333134651184
1 0.653804361820221 0.5362318754196167 0.027173936367034912 0.034782588481903076
2 0.5065217316150665 0.6289854943752289 0.028260886669158936 0.03768116235733032
1 0.438043475151062 0.5963768064975739 0.02173912525177002 0.04782611131668091
1 0.0266304612159729 0.47608697414398193 0.02499997615814209 0.03333330154418945
1 0.686956524848938 0.7782608717679977 0.026086926460266113 0.02898550033569336
