2 0.7318840622901917 0.8891304135322571 0.026086926460266113 0.02826082706451416
2 0.21086955070495605 0.872826099395752 0.04202902317047119 0.026086926460266113
2 0.7731884121894836 0.865760862827301 0.027536243200302124 0.02499997615814209
1 0.5289855003356934 0.47608694434165955 0.026086926460266113 0.019565224647521973
2 0.5036231875419617 0.25706519931554794 0.0362318754196167 0.024999991059303284
2 0.6550724506378174 0.9516304135322571 0.031884074211120605 0.02499997615814209
2 0.7137681245803833 0.21467390656471252 0.024637699127197266 0.022826075553894043
1 0.354347825050354 0.14510869979858398 0.030434727668762207 0.025000005960464478
2 0.7550724670290947 0.8777173757553101 0.02318839728832245 0.020652174949645996
2 0.29420292377471924 0.333695650100708 0.031884074211120605 0.017391324043273926
