2 0.8891304135322571 0.26811593770980835 0.02826082706451416 0.026086926460266113
2 0.872826099395752 0.789130449295044 0.026086926460266113 0.04202902317047119
2 0.865760862827301 0.22681158781051636 0.02499997615814209 0.027536243200302124
1 0.47608694434165955 0.47101449966430664 0.019565224647521973 0.026086926460266113
2 0.25706519931554794 0.49637681245803833 0.024999991059303284 0.0362318754196167
2 0.9516304135322571 0.3449275493621826 0.02499997615814209 0.031884074211120605
2 0.21467390656471252 0.2862318754196167 0.022826075553894043 0.024637699127197266
1 0.14510869979858398 0.645652174949646 0.025000005960464478 0.030434727668762207
2 0.8777173757553101 0.2449275329709053 0.020652174949645996 0.02318839728832245
2 0.333695650100708 0.7057970762252808 0.017391324043273926 0.031884074211120605
