2 0.6119565069675446 0.17536231875419617 0.028260886669158936 0.034782618284225464
2 0.553804337978363 0.5492753386497498 0.03804349899291992 0.046376824378967285
0 0.5793478190898895 0.5775362253189087 0.028260886669158936 0.03333330154418945
0 0.5565217435359955 0.582608699798584 0.028260886669158936 0.03768110275268555
1 0.363586962223053 0.428260862827301 0.027173876762390137 0.04782611131668091
0 0.135869562625885 0.5065217465162277 0.03478264808654785 0.04782608151435852
0 0.1614130139350891 0.45507246255874634 0.03369569778442383 0.052173912525177
0 0.19456523656845093 0.4891304224729538 0.02826082706451416 0.04782608151435852
0 0.041847825050354004 0.24202898144721985 0.05978262424468994 0.0724637508392334
0 0.03641301393508911 0.1768115907907486 0.0532609224319458 0.06666666269302368
0 0.344021737575531 0.8507246375083923 0.03804349899291992 0.04927539825439453
1 0.06141304969787598 0.18478260934352875 0.05543482303619385 0.06521740555763245
1 0.010326087474822998 0.2702898681163788 0.020652174949645996 0.0362318754196167
2 0.43913042545318604 0.42463767528533936 0.02826082706451416 0.031884074211120605
0 0.5771739184856415 0.5557971000671387 0.02608698606491089 0.030434727668762207
0 0.740760862827301 0.6318840384483337 0.03369557857513428 0.04347825050354004
