1 0.40271738171577454 0.4753623306751251 0.031521737575531006 0.046376824378967285
1 0.3494565188884735 0.3224637806415558 0.02499997615814209 0.03333336114883423
2 0.363586962223053 0.44420289993286133 0.03369563817977905 0.042028963565826416
2 0.6086956262588501 0.197826087474823 0.026086926460266113 0.04782608151435852
2 0.8701087236404419 0.2340579852461815 0.02499997615814209 0.044927552342414856
1 0.886413037776947 0.2398550659418106 0.03152167797088623 0.042028993368148804
2 0.46141305565834045 0.4326086938381195 0.022826075553894043 0.042028963565826416
1 0.60326087474823 0.469565212726593 0.02826082706451416 0.04057973623275757
2 0.42391303181648254 0.45579710602760315 0.028260886669158936 0.042028963565826416
1 0.0266304356046021 0.4753623306751251 0.027173913083970547 0.031884074211120605
2 0.01739130401983857 0.5101449340581894 0.03043478261679411 0.037681132555007935
2 0.14347825571894646 0.14420289918780327 0.039130426943302155 0.039130426943302155
0 0.3798913061618805 0.7702898383140564 0.02499997615814209 0.03333330154418945
