1 0.40271738171577454 0.5246376693248749 0.031521737575531006 0.046376824378967285
1 0.3494565188884735 0.6775362193584442 0.02499997615814209 0.03333336114883423
2 0.363586962223053 0.5557971000671387 0.03369563817977905 0.042028963565826416
2 0.6086956262588501 0.802173912525177 0.026086926460266113 0.04782608151435852
2 0.8701087236404419 0.7659420147538185 0.02499997615814209 0.044927552342414856
1 0.886413037776947 0.7601449340581894 0.03152167797088623 0.042028993368148804
2 0.46141305565834045 0.5673913061618805 0.022826075553894043 0.042028963565826416
1 0.60326087474823 0.530434787273407 0.02826082706451416 0.04057973623275757
2 0.42391303181648254 0.5442028939723969 0.028260886669158936 0.042028963565826416
1 0.0266304356046021 0.5246376693248749 0.027173913083970547 0.031884074211120605
2 0.01739130401983857 0.4898550659418106 0.03043478261679411 0.037681132555007935
2 0.14347825571894646 0.8557971008121967 0.039130426943302155 0.039130426943302155
0 0.3798913061618805 0.2297101616859436 0.02499997615814209 0.03333330154418945
