2 0.27173912525177 0.8572463840246201 0.02826082706451416 0.0362318754196167
2 0.363586962223053 0.8405797034502029 0.027173876762390137 0.04057970643043518
1 0.39836955070495605 0.8442029058933258 0.02499997615814209 0.039130449295043945
2 0.9016304314136505 0.6536231935024261 0.025000035762786865 0.031884074211120605
1 0.779891312122345 0.643478274345398 0.027173876762390137 0.04057973623275757
1 0.9717391431331635 0.6079710125923157 0.028260886669158936 0.030434787273406982
1 0.824456512928009 0.39927536249160767 0.02499997615814209 0.03333330154418945
2 0.6222825646400452 0.5804347693920135 0.022826075553894043 0.04492753744125366
2 0.489130437374115 0.613043487071991 0.019565224647521973 0.04057973623275757
1 0.520108699798584 0.47101449966430664 0.02499997615814209 0.02898550033569336
2 0.260326087474823 0.654347836971283 0.029347777366638184 0.030434787273406982
1 0.07499998807907104 0.5855072438716888 0.026086926460266113 0.034782588481903076
0 0.853804349899292 0.38260871171951294 0.027173876762390137 0.026086926460266113
0 0.8559782803058624 0.36304348707199097 0.02934783697128296 0.030434727668762207
0 0.898369550704956 0.6188405752182007 0.022826075553894043 0.031884074211120605
1 0.3902173638343811 0.7188405692577362 0.02173912525177002 0.031884074211120605
