2 0.14275361597537994 0.27173912525177 0.0362318754196167 0.02826082706451416
2 0.15942029654979706 0.363586962223053 0.04057970643043518 0.027173876762390137
1 0.1557970941066742 0.39836955070495605 0.039130449295043945 0.02499997615814209
2 0.34637680649757385 0.9016304314136505 0.031884074211120605 0.025000005960464478
1 0.35652172565460205 0.7798912972211838 0.04057973623275757 0.027173906564712524
1 0.3920289874076843 0.9717391305603087 0.030434787273406982 0.028260868974030018
1 0.6007246375083923 0.8244565278291702 0.03333330154418945 0.025000005960464478
2 0.41956523060798645 0.6222825944423676 0.04492753744125366 0.022826075553894043
2 0.38695651292800903 0.489130437374115 0.04057973623275757 0.019565224647521973
1 0.5289855003356934 0.520108699798584 0.02898550033569336 0.02499997615814209
2 0.34565216302871704 0.260326087474823 0.030434787273406982 0.029347777366638184
1 0.41449275612831116 0.07499998807907104 0.034782588481903076 0.026086926460266113
0 0.6173912882804871 0.853804349899292 0.026086926460266113 0.027173906564712524
0 0.636956512928009 0.8559782654047012 0.030434727668762207 0.02934783697128296
0 0.3811594247817993 0.8983695656061172 0.031884074211120605 0.022826090455055237
1 0.2811594307422638 0.3902173638343811 0.031884074211120605 0.02173912525177002
