2 0.5255434364080429 0.7057971134781837 0.09239128232002258 0.15362317860126495
2 0.6385869383811951 0.7369565069675446 0.12282609939575195 0.14927536249160767
1 0.91847825050354 0.7355072498321533 0.11956524848937988 0.15797102451324463
2 0.626630425453186 0.5173913091421127 0.1336956024169922 0.21159419417381287
2 0.698913037776947 0.40362316370010376 0.11521732807159424 0.18405795097351074
2 0.833152174949646 0.25289857387542725 0.11630439758300781 0.16086959838867188
1 0.823913037776947 0.41449272632598877 0.11739134788513184 0.14782607555389404
2 0.5994565486907959 0.3065217137336731 0.125 0.14927542209625244
1 0.773369550704956 0.5471014380455017 0.10978257656097412 0.13768112659454346
1 0.8918478488922119 0.5920289754867554 0.09456527233123779 0.11739128828048706
2 0.5516304522752762 0.3862318992614746 0.11630436778068542 0.1492753028869629
