2 0.4744565486907959 0.29420288652181625 0.0923912525177002 0.15362317860126495
2 0.36141306161880493 0.26304349303245544 0.12282609939575195 0.14927536249160767
1 0.08152174949645996 0.2644927501678467 0.11956524848937988 0.15797102451324463
2 0.37336957454681396 0.48260869085788727 0.1336956024169922 0.21159419417381287
2 0.301086962223053 0.5963768362998962 0.11521732807159424 0.18405795097351074
2 0.166847825050354 0.7471014261245728 0.11630439758300781 0.16086959838867188
1 0.17608696222305298 0.5855072736740112 0.11739134788513184 0.14782607555389404
2 0.4005434513092041 0.6934782862663269 0.125 0.14927542209625244
1 0.22663044929504395 0.4528985619544983 0.10978257656097412 0.13768112659454346
1 0.10815215110778809 0.40797102451324463 0.09456527233123779 0.11739128828048706
2 0.4483695328235626 0.6137681007385254 0.11630433797836304 0.1492753028869629
