2 0.5255434782608696 0.2942028985507247 0.09239130434782603 0.15362318840579714
2 0.6385869565217394 0.2630434782608696 0.12282608695652159 0.1492753623188406
1 0.9184782608695653 0.2644927536231884 0.11956521739130438 0.1579710144927536
2 0.6266304347826087 0.4826086956521739 0.13369565217391297 0.21159420289855063
2 0.6989130434782608 0.5963768115942029 0.11521739130434781 0.18405797101449273
2 0.8331521739130434 0.7471014492753622 0.11630434782608688 0.1608695652173914
1 0.8239130434782606 0.5855072463768116 0.11739130434782627 0.14782608695652144
2 0.5994565217391303 0.6934782608695652 0.1250000000000002 0.14927536231884053
1 0.7733695652173913 0.45289855072463764 0.10978260869565204 0.13768115942028986
1 0.8918478260869566 0.4079710144927536 0.09456521739130437 0.11739130434782602
2 0.5516304347826088 0.613768115942029 0.11630434782608695 0.14927536231884056
