2 0.8777174055576324 0.5644927769899368 0.13152176141738892 0.23623189330101013
0 0.7771739065647125 0.41521739959716797 0.11086958646774292 0.12318837642669678
2 0.3608695864677429 0.6304348111152649 0.14782607555389404 0.17391300201416016
0 0.259782612323761 0.856521725654602 0.07608699798583984 0.11304342746734619
0 0.9032608866691589 0.8304347991943359 0.05652177333831787 0.06666672229766846
0 0.9195652306079865 0.9326087236404419 0.05869561433792114 0.09420287609100342
0 0.8478260934352875 0.9442028999328613 0.05869561433792114 0.08840584754943848
2 0.3608695864677429 0.9347826242446899 0.11956524848937988 0.13043475151062012
0 0.25326085090637207 0.9594202637672424 0.0717390775680542 0.08115947246551514
2 0.6407608389854431 0.8905797004699707 0.10326087474822998 0.16956520080566406
0 0.7336956560611725 0.9666666388511658 0.06739133596420288 0.06666672229766846
1 0.41358697414398193 0.3079710006713867 0.07065212726593018 0.07971012592315674
0 0.2978261113166809 0.4521739184856415 0.039130449295043945 0.052173912525177
