2 0.12228260561823845 0.5644927769899368 0.13152173906564713 0.23623189330101013
0 0.22282610088586807 0.41521739959716797 0.11086957156658173 0.12318837642669678
2 0.6391304135322571 0.6304348111152649 0.14782607555389404 0.17391300201416016
0 0.740217387676239 0.856521725654602 0.07608699798583984 0.11304342746734619
0 0.09673912823200226 0.8304347991943359 0.05652174353599548 0.06666672229766846
0 0.0804347824305296 0.9326087236404419 0.05869564786553383 0.09420287609100342
0 0.15217390656471252 0.9442028999328613 0.05869564414024353 0.08840584754943848
2 0.6391304135322571 0.9347826242446899 0.11956524848937988 0.13043475151062012
0 0.7467391490936279 0.9594202637672424 0.0717390775680542 0.08115947246551514
2 0.3592391312122345 0.8905797004699707 0.10326087474822998 0.16956520080566406
0 0.2663043513894081 0.9666666388511658 0.06739132106304169 0.06666672229766846
1 0.5864130258560181 0.3079710006713867 0.07065212726593018 0.07971012592315674
0 0.7021738886833191 0.4521739184856415 0.039130449295043945 0.052173912525177
