2 0.648369550704956 0.1557970941066742 0.029347896575927734 0.0362318754196167
1 0.0668478012084961 0.46594202518463135 0.042391300201416016 0.042028963565826416
1 0.0777173638343811 0.40869563817977905 0.03804349899291992 0.04057973623275757
0 0.03315216302871704 0.43913042545318604 0.03804349899291992 0.04347825050354004
0 0.623369574546814 0.22753623127937317 0.027173995971679688 0.031884074211120605
2 0.01413041353225708 0.384782612323761 0.02826082706451416 0.042028963565826416
0 0.23695653676986694 0.4072463810443878 0.017391324043273926 0.031884074211120605
2 0.44945651292800903 0.2746376693248749 0.01847827434539795 0.030434787273406982
1 0.4217391014099121 0.6521739363670349 0.02173912525177002 0.031884074211120605
0 0.3684782385826111 0.428260862827301 0.019565224647521973 0.03333336114883423
