2 0.35163044929504395 0.1557970941066742 0.02934783697128296 0.0362318754196167
1 0.9331521987915039 0.46594202518463135 0.042391300201416016 0.042028963565826416
1 0.9222826361656189 0.40869563817977905 0.03804349899291992 0.04057973623275757
0 0.966847836971283 0.43913042545318604 0.03804349899291992 0.04347825050354004
0 0.37663042545318604 0.22753623127937317 0.027173936367034912 0.031884074211120605
2 0.9858695864677429 0.384782612323761 0.02826082706451416 0.042028963565826416
0 0.7630434632301331 0.4072463810443878 0.017391324043273926 0.031884074211120605
2 0.550543487071991 0.2746376693248749 0.01847827434539795 0.030434787273406982
1 0.5782608985900879 0.6521739363670349 0.02173912525177002 0.031884074211120605
0 0.6315217614173889 0.428260862827301 0.019565224647521973 0.03333336114883423
