1 0.6188405752182007 0.9135869741439819 0.13043475151062012 0.10108697414398193
2 0.23695653676986694 0.594565212726593 0.22463762760162354 0.1413043737411499
1 0.2130434513092041 0.719021737575531 0.15942025184631348 0.10978257656097412
2 0.40797102451324463 0.2554347813129425 0.18405795097351074 0.1304348111152649
2 0.6318840682506561 0.5141304135322571 0.17971014976501465 0.12173914909362793
1 0.5268115848302841 0.551630437374115 0.13188406825065613 0.1206521987915039
1 0.3963767886161804 0.488586962223053 0.16376817226409912 0.13804352283477783
0 0.2456521987915039 0.49782609939575195 0.12318837642669678 0.09130430221557617
2 0.6731884181499481 0.10271739959716797 0.18115943670272827 0.1510869264602661
1 0.5195652395486832 0.10923910140991211 0.18115940690040588 0.125
1 0.7478261068463326 0.22608697414398193 0.144927516579628 0.12173914909362793
1 0.9086956530809402 0.291847825050354 0.15362319350242615 0.11413049697875977
