1 0.3811594247817993 0.9135869741439819 0.13043475151062012 0.10108697414398193
2 0.7630434632301331 0.594565212726593 0.22463762760162354 0.1413043737411499
1 0.7869565486907959 0.719021737575531 0.15942025184631348 0.10978257656097412
2 0.5920289754867554 0.2554347813129425 0.18405795097351074 0.1304348111152649
2 0.36811593174934387 0.5141304135322571 0.17971014976501465 0.12173914909362793
1 0.4731884151697159 0.551630437374115 0.13188406825065613 0.1206521987915039
1 0.6036232113838196 0.488586962223053 0.16376817226409912 0.13804352283477783
0 0.7543478012084961 0.49782609939575195 0.12318837642669678 0.09130430221557617
2 0.3268115818500519 0.10271739959716797 0.18115943670272827 0.1510869264602661
1 0.48043476045131683 0.10923910140991211 0.18115940690040588 0.125
1 0.25217389315366745 0.22608697414398193 0.144927516579628 0.12173914909362793
1 0.09130434691905975 0.291847825050354 0.15362319350242615 0.11413049697875977
