1 0.913586956521739 0.38115942028985506 0.10108695652173921 0.13043478260869562
2 0.5945652173913044 0.7630434782608695 0.14130434782608695 0.22463768115942034
1 0.7190217391304347 0.7869565217391304 0.10978260869565204 0.1594202898550725
2 0.2554347826086956 0.5920289855072464 0.1304347826086956 0.18405797101449267
2 0.5141304347826086 0.36811594202898545 0.12173913043478259 0.1797101449275362
1 0.5516304347826086 0.4731884057971014 0.12065217391304345 0.13188405797101446
1 0.48858695652173895 0.603623188405797 0.1380434782608693 0.16376811594202906
0 0.4978260869565218 0.7543478260869566 0.09130434782608704 0.12318840579710155
2 0.10271739130434784 0.32681159420289857 0.15108695652173917 0.1811594202898551
1 0.1092391304347826 0.48043478260869565 0.12499999999999994 0.1811594202898551
1 0.22608695652173896 0.2521739130434783 0.1217391304347826 0.14492753623188406
1 0.29184782608695653 0.09130434782608696 0.11413043478260868 0.1536231884057971
