1 0.08641302585601807 0.3811594247817993 0.10108697414398193 0.13043475151062012
2 0.405434787273407 0.7630434632301331 0.1413043737411499 0.22463762760162354
1 0.280978262424469 0.7869565486907959 0.10978257656097412 0.15942025184631348
2 0.7445652186870575 0.5920289754867554 0.1304348111152649 0.18405795097351074
2 0.4858695864677429 0.36811593174934387 0.12173914909362793 0.17971014976501465
1 0.448369562625885 0.4731884151697159 0.1206521987915039 0.13188406825065613
1 0.511413037776947 0.6036232113838196 0.13804352283477783 0.16376817226409912
0 0.502173900604248 0.7543478012084961 0.09130430221557617 0.12318837642669678
2 0.897282600402832 0.3268115818500519 0.1510869264602661 0.18115943670272827
1 0.8907608985900879 0.48043476045131683 0.125 0.18115940690040588
1 0.7739130258560181 0.25217389315366745 0.12173914909362793 0.144927516579628
1 0.708152174949646 0.09130434691905975 0.11413049697875977 0.15362319350242615
