0 0.6717391312122345 0.20923911780118942 0.12898552417755127 0.11847825348377228
2 0.5652174204587936 0.24673913419246674 0.13623186945915222 0.10652175545692444
1 0.5833333432674408 0.41576087474823 0.13188403844833374 0.11195653676986694
0 0.6797101572155952 0.4842391163110733 0.144927516579628 0.10108694434165955
0 0.7340579628944397 0.792934775352478 0.12608695030212402 0.13152170181274414
1 0.5362318605184555 0.7032608985900879 0.11014494299888611 0.11956524848937988
1 0.47101449966430664 0.43967390060424805 0.11884057521820068 0.10978257656097412
1 0.9695652183145285 0.655434787273407 0.06086956337094307 0.06304347515106201
2 0.6840579807758331 0.8380434513092041 0.13333332538604736 0.14782607555389404
2 0.890579704195261 0.19402174651622772 0.04782608896493912 0.06195652484893799
0 0.9434782601892948 0.197282612323761 0.043478257954120636 0.038043469190597534
