0 0.20923912525177002 0.6717391312122345 0.11847829818725586 0.12898552417755127
2 0.24673911929130554 0.5652174204587936 0.10652178525924683 0.13623186945915222
1 0.41576087474823 0.5833333432674408 0.11195659637451172 0.13188403844833374
0 0.4842391312122345 0.6797101572155952 0.10108691453933716 0.144927516579628
0 0.792934775352478 0.7340579628944397 0.13152170181274414 0.12608695030212402
1 0.7032608985900879 0.5362318605184555 0.11956524848937988 0.11014494299888611
1 0.43967390060424805 0.47101449966430664 0.10978257656097412 0.11884057521820068
1 0.655434787273407 0.9695652183145285 0.06304347515106201 0.06086956337094307
2 0.8380434513092041 0.6840579807758331 0.14782607555389404 0.13333332538604736
2 0.19402176141738892 0.890579704195261 0.06195652484893799 0.04782608896493912
0 0.197282612323761 0.9434782601892948 0.03804349899291992 0.043478257954120636
