0 0.3282608687877655 0.7907608821988106 0.12898552417755127 0.11847825348377228
2 0.43478257954120636 0.7532608658075333 0.13623186945915222 0.10652175545692444
1 0.4166666567325592 0.58423912525177 0.13188403844833374 0.11195653676986694
0 0.32028984278440475 0.5157608836889267 0.144927516579628 0.10108694434165955
0 0.2659420371055603 0.20706522464752197 0.12608695030212402 0.13152170181274414
1 0.4637681394815445 0.2967391014099121 0.11014494299888611 0.11956524848937988
1 0.5289855003356934 0.560326099395752 0.11884057521820068 0.10978257656097412
1 0.030434781685471535 0.344565212726593 0.06086956337094307 0.06304347515106201
2 0.31594201922416687 0.1619565486907959 0.13333332538604736 0.14782607555389404
2 0.109420295804739 0.8059782534837723 0.04782608896493912 0.06195652484893799
0 0.056521739810705185 0.802717387676239 0.043478257954120636 0.038043469190597534
