2 0.28369563817977905 0.3688405752182007 0.11304342746734619 0.11739128828048706
1 0.2124999761581421 0.604347825050354 0.0923912525177002 0.08115947246551514
1 0.323369562625885 0.7405797243118286 0.07500004768371582 0.1101449728012085
0 0.8717391341924667 0.5449275374412537 0.045652180910110474 0.06956517696380615
0 0.7722826153039932 0.16811594367027283 0.038043469190597534 0.06956520676612854
0 0.7429347932338715 0.24130435287952423 0.04456520080566406 0.0623188316822052
0 0.780434787273407 0.07753623276948929 0.039130449295043945 0.05942028760910034
0 0.738043487071991 0.08913043141365051 0.03260868787765503 0.07101449370384216
0 0.719565212726593 0.024637680500745773 0.034782588481903076 0.04927536100149155
0 0.689673900604248 0.10652174428105354 0.03369563817977905 0.05362319201231003
