2 0.716304361820221 0.3688405752182007 0.11304342746734619 0.11739128828048706
1 0.7875000238418579 0.604347825050354 0.0923912525177002 0.08115947246551514
1 0.676630437374115 0.7405797243118286 0.07500004768371582 0.1101449728012085
0 0.12826086580753326 0.5449275374412537 0.045652180910110474 0.06956517696380615
0 0.22771738469600677 0.16811594367027283 0.038043469190597534 0.06956520676612854
0 0.25706520676612854 0.24130435287952423 0.04456520080566406 0.0623188316822052
0 0.21956521272659302 0.07753623276948929 0.039130449295043945 0.05942028760910034
0 0.26195651292800903 0.08913043141365051 0.03260868787765503 0.07101449370384216
0 0.280434787273407 0.024637680500745773 0.034782588481903076 0.04927536100149155
0 0.31032609939575195 0.10652174428105354 0.03369563817977905 0.05362319201231003
