2 0.3688405752182007 0.716304361820221 0.11739128828048706 0.11304342746734619
1 0.604347825050354 0.7875000238418579 0.08115947246551514 0.0923912525177002
1 0.7405797243118286 0.676630437374115 0.1101449728012085 0.07500004768371582
0 0.5449275374412537 0.12826085090637207 0.06956517696380615 0.045652151107788086
0 0.16811594367027283 0.22771739959716797 0.06956520676612854 0.03804349899291992
0 0.24130435287952423 0.25706517696380615 0.0623188316822052 0.04456520080566406
0 0.07753623276948929 0.21956521272659302 0.05942028760910034 0.039130449295043945
0 0.08913043141365051 0.26195651292800903 0.07101449370384216 0.032608628273010254
0 0.024637680500745773 0.280434787273407 0.04927536100149155 0.0347825288772583
0 0.10652174428105354 0.31032609939575195 0.05362319201231003 0.03369569778442383
