2 0.47771739959716797 0.6391304433345795 0.03804349899291992 0.052173912525177
2 0.42391306161880493 0.584782600402832 0.0369565486907959 0.04492753744125366
1 0.083152174949646 0.44565218687057495 0.03152179718017578 0.03333330154418945
1 0.0777173638343811 0.4789854884147644 0.03152167797088623 0.0362318754196167
2 0.10271739959716797 0.469565212726593 0.029347777366638184 0.03768110275268555
1 0.5472826063632965 0.6376811563968658 0.020652174949645996 0.02898550033569336
0 0.438043475151062 0.6050724685192108 0.026086926460266113 0.03333336114883423
2 0.5668478310108185 0.5985507369041443 0.02934783697128296 0.03768116235733032
0 0.580978274345398 0.5340579748153687 0.027173936367034912 0.027536213397979736
1 0.8048913031816483 0.4789854884147644 0.022826075553894043 0.02753627300262451
