2 0.522282600402832 0.36086955666542053 0.03804349899291992 0.052173912525177
2 0.5760869383811951 0.41521739959716797 0.0369565486907959 0.04492753744125366
1 0.916847825050354 0.554347813129425 0.03152179718017578 0.03333330154418945
1 0.9222826361656189 0.5210145115852356 0.03152167797088623 0.0362318754196167
2 0.897282600402832 0.530434787273407 0.029347777366638184 0.03768110275268555
1 0.4527173936367035 0.36231884360313416 0.020652174949645996 0.02898550033569336
0 0.561956524848938 0.3949275314807892 0.026086926460266113 0.03333336114883423
2 0.4331521689891815 0.4014492630958557 0.02934783697128296 0.03768116235733032
0 0.41902172565460205 0.46594202518463135 0.027173936367034912 0.027536213397979736
1 0.19510869681835175 0.5210145115852356 0.022826075553894043 0.02753627300262451
