2 0.4744565188884735 0.489855095744133 0.09021741151809692 0.11884060502052307
2 0.6288043260574341 0.6086956262588501 0.07717394828796387 0.12753629684448242
1 0.39782607555389404 0.14782609045505524 0.07391303777694702 0.14492753148078918
2 0.27445652335882187 0.28478261828422546 0.07717390358448029 0.09710144996643066
0 0.457065224647522 0.2971014380455017 0.04891306161880493 0.09565216302871704
0 0.3499999940395355 0.6550724506378174 0.07391303777694702 0.10144925117492676
2 0.43967390060424805 0.854347825050354 0.06195652484893799 0.09420287609100342
0 0.37336957454681396 0.8492753505706787 0.057608723640441895 0.08405792713165283
2 0.29836954921483994 0.6811594367027283 0.0989130288362503 0.11304342746734619
0 0.25706520676612854 0.6398550868034363 0.06413042545318604 0.07971012592315674
