2 0.5255434811115265 0.489855095744133 0.09021741151809692 0.11884060502052307
2 0.3711956739425659 0.6086956262588501 0.07717394828796387 0.12753629684448242
1 0.602173924446106 0.14782609045505524 0.0739130973815918 0.14492753148078918
2 0.7255434691905975 0.28478261828422546 0.07717388868331909 0.09710144996643066
0 0.542934775352478 0.2971014380455017 0.048913002014160156 0.09565216302871704
0 0.6500000059604645 0.6550724506378174 0.07391303777694702 0.10144925117492676
2 0.560326099395752 0.854347825050354 0.06195652484893799 0.09420287609100342
0 0.626630425453186 0.8492753505706787 0.057608723640441895 0.08405792713165283
2 0.7016304433345795 0.6811594367027283 0.09891301393508911 0.11304342746734619
0 0.7429347634315491 0.6398550868034363 0.06413042545318604 0.07971012592315674
