2 0.685869574546814 0.39275363087654114 0.02826082706451416 0.03768116235733032
1 0.720108687877655 0.3840579688549042 0.02499997615814209 0.031884074211120605
1 0.7972826361656189 0.42391303181648254 0.029347777366638184 0.039130449295043945
0 0.654891312122345 0.42463767528533936 0.027173876762390137 0.031884074211120605
0 0.6842391490936279 0.43478259444236755 0.02499997615814209 0.023188412189483643
0 0.6635869741439819 0.3601449131965637 0.02499997615814209 0.024637699127197266
1 0.16902174055576324 0.615217387676239 0.025000005960464478 0.03333330154418945
2 0.03750000149011612 0.46159419417381287 0.020652174949645996 0.027536213397979736
1 0.08695652335882187 0.6818840503692627 0.02826087176799774 0.030434727668762207
1 0.311956524848938 0.5043478161096573 0.026086926460266113 0.034782618284225464
0 0.5456521511077881 0.5855072736740112 0.02173912525177002 0.03478264808654785
0 0.015760868787765503 0.49347828328609467 0.02282608672976494 0.021739155054092407
