2 0.31413042545318604 0.39275363087654114 0.02826082706451416 0.03768116235733032
1 0.27989131212234497 0.3840579688549042 0.02499997615814209 0.031884074211120605
1 0.2027173638343811 0.42391303181648254 0.029347777366638184 0.039130449295043945
0 0.34510868787765503 0.42463767528533936 0.027173876762390137 0.031884074211120605
0 0.31576085090637207 0.43478259444236755 0.02499997615814209 0.023188412189483643
0 0.33641302585601807 0.3601449131965637 0.02499997615814209 0.024637699127197266
1 0.8309782445430756 0.615217387676239 0.025000035762786865 0.03333330154418945
2 0.9624999761581421 0.46159419417381287 0.020652174949645996 0.027536213397979736
1 0.9130434691905975 0.6818840503692627 0.028260886669158936 0.030434727668762207
1 0.688043475151062 0.5043478161096573 0.026086926460266113 0.034782618284225464
0 0.4543478488922119 0.5855072736740112 0.02173912525177002 0.03478264808654785
0 0.9842391312122345 0.49347828328609467 0.02282613515853882 0.021739155054092407
