0 0.5874999761581421 0.6340579688549042 0.0510869026184082 0.10289853811264038
2 0.519565224647522 0.8007246404886246 0.039130449295043945 0.04492753744125366
0 0.772282600402832 0.47826087474823 0.06413042545318604 0.11884057521820068
2 0.9505434632301331 0.6318840682506561 0.027173876762390137 0.03768116235733032
0 0.897826075553894 0.3963767886161804 0.09347820281982422 0.10000002384185791
0 0.727717399597168 0.2978261113166809 0.07065212726593018 0.09420287609100342
0 0.810326099395752 0.3688405752182007 0.07282614707946777 0.08260869979858398
0 0.3809782564640045 0.3586956262588501 0.046739161014556885 0.053623199462890625
0 0.22717392444610596 0.5710144937038422 0.0369565486907959 0.049275338649749756
0 0.2451086938381195 0.5275362432003021 0.03369563817977905 0.04347825050354004
2 0.9646739363670349 0.602173924446106 0.029347777366638184 0.030434787273406982
