0 0.4125000238418579 0.6340579688549042 0.0510869026184082 0.10289853811264038
2 0.480434775352478 0.8007246404886246 0.039130449295043945 0.04492753744125366
0 0.22771739959716797 0.47826087474823 0.06413042545318604 0.11884057521820068
2 0.04945653676986694 0.6318840682506561 0.027173876762390137 0.03768116235733032
0 0.10217392444610596 0.3963767886161804 0.09347820281982422 0.10000002384185791
0 0.27228260040283203 0.2978261113166809 0.07065212726593018 0.09420287609100342
0 0.18967390060424805 0.3688405752182007 0.07282614707946777 0.08260869979858398
0 0.6190217435359955 0.3586956262588501 0.046739161014556885 0.053623199462890625
0 0.772826075553894 0.5710144937038422 0.0369565486907959 0.049275338649749756
0 0.7548913061618805 0.5275362432003021 0.03369563817977905 0.04347825050354004
2 0.03532606363296509 0.602173924446106 0.029347777366638184 0.030434787273406982
