2 0.11250001192092896 0.6862319111824036 0.125 0.20724642276763916
2 0.394565224647522 0.3898550868034363 0.11304342746734619 0.17101448774337769
2 0.5043478012084961 0.6695652008056641 0.08695650100708008 0.1507246494293213
0 0.6277174353599548 0.4101449251174927 0.06630432605743408 0.10724639892578125
2 0.5451087057590485 0.16739129647612572 0.09891301393508911 0.1405797079205513
2 0.6635869443416595 0.19420289993286133 0.11630433797836304 0.156521737575531
2 0.502173900604248 0.49782609939575195 0.09347820281982422 0.15217387676239014
2 0.427173912525177 0.5673912763595581 0.104347825050354 0.1724637746810913
2 0.31467390060424805 0.5623188614845276 0.0923912525177002 0.13333332538604736
0 0.12336957454681396 0.41449275612831116 0.07717394828796387 0.08695650100708008
1 0.208695650100708 0.3601449131965637 0.08043479919433594 0.10000002384185791
0 0.20597827434539795 0.4847825914621353 0.07500004768371582 0.09710142016410828
0 0.2130434513092041 0.6282608509063721 0.08043479919433594 0.11159420013427734
0 0.09619563817977905 0.5442029237747192 0.07500004768371582 0.10000002384185791
2 0.36739128828048706 0.6847826242446899 0.11521732807159424 0.15507245063781738
2 0.689673900604248 0.3398550748825073 0.10760867595672607 0.1463768482208252
2 0.689673900604248 0.47101449966430664 0.12282609939575195 0.16231882572174072
2 0.5907608568668365 0.3231883943080902 0.08804351091384888 0.1246376633644104
0 0.0668478012084961 0.39275363087654114 0.07934784889221191 0.09855073690414429
0 0.03804349899291992 0.6304348111152649 0.07608699798583984 0.09275364875793457
2 0.5483695566654205 0.658695638179779 0.09456521272659302 0.15797102451324463
2 0.4847826063632965 0.8949275612831116 0.07391303777694702 0.12318837642669678
1 0.5038043558597565 0.04492753930389881 0.07934778928756714 0.08695652708411217
0 0.41902172565460205 0.8362318873405457 0.057608723640441895 0.07536232471466064
0 0.5250000357627869 0.8681159615516663 0.05869567394256592 0.08695650100708008
