2 0.8875 0.686231884057971 0.12500000000000003 0.20724637681159414
2 0.6054347826086957 0.3898550724637681 0.1130434782608696 0.17101449275362313
2 0.49565217391304345 0.6695652173913044 0.08695652173913039 0.15072463768115946
0 0.3722826086956521 0.41014492753623194 0.06630434782608687 0.10724637681159412
2 0.4548913043478261 0.1673913043478261 0.09891304347826085 0.1405797101449275
2 0.33641304347826084 0.19420289855072465 0.11630434782608699 0.1565217391304348
2 0.4978260869565217 0.4978260869565217 0.09347826086956523 0.15217391304347822
2 0.5728260869565217 0.5673913043478261 0.10434782608695649 0.1724637681159421
2 0.6853260869565215 0.5623188405797103 0.09239130434782615 0.1333333333333334
0 0.8766304347826087 0.41449275362318844 0.07717391304347827 0.08695652173913039
1 0.791304347826087 0.3601449275362319 0.08043478260869563 0.09999999999999996
0 0.7940217391304348 0.48478260869565226 0.07500000000000014 0.09710144927536238
0 0.7869565217391303 0.6282608695652173 0.08043478260869577 0.11159420289855064
0 0.903804347826087 0.5442028985507245 0.07500000000000012 0.1
2 0.6326086956521739 0.6847826086956522 0.11521739130434788 0.15507246376811593
2 0.3103260869565217 0.3398550724637681 0.10760869565217387 0.14637681159420285
2 0.3103260869565217 0.4710144927536232 0.1228260869565219 0.1623188405797103
2 0.4092391304347826 0.3231884057971015 0.08804347826086953 0.12463768115942035
0 0.9331521739130437 0.3927536231884058 0.07934782608695642 0.09855072463768126
0 0.9619565217391305 0.6304347826086958 0.07608695652173887 0.0927536231884056
2 0.45163043478260867 0.6586956521739131 0.09456521739130437 0.1579710144927536
2 0.5152173913043478 0.8949275362318849 0.073913043478261 0.12318840579710143
1 0.496195652173913 0.04492753623188405 0.0793478260869565 0.08695652173913043
0 0.5809782608695652 0.8362318840579711 0.057608695652173886 0.07536231884057962
0 0.475 0.8681159420289856 0.058695652173913045 0.08695652173913046
