2 0.5885869562625885 0.31521740555763245 0.027173936367034912 0.030434787273406982
2 0.594021737575531 0.18333333730697632 0.022826075553894043 0.039130449295043945
2 0.6592391431331635 0.1463768184185028 0.031521737575531006 0.031884074211120605
1 0.8527173697948456 0.5891304612159729 0.02934783697128296 0.0362318754196167
2 0.552173912525177 0.49347828328609467 0.026086926460266113 0.03623190522193909
2 0.9315217435359955 0.22608695924282074 0.028260886669158936 0.034782618284225464
2 0.669021725654602 0.3115941882133484 0.029347896575927734 0.03768116235733032
1 0.521195650100708 0.4681159555912018 0.02499997615814209 0.02608698606491089
0 0.7440217435359955 0.4014492630958557 0.025000035762786865 0.031884074211120605
1 0.6711956858634949 0.3340579569339752 0.022826075553894043 0.0362318754196167
