2 0.4114130437374115 0.31521740555763245 0.027173936367034912 0.030434787273406982
2 0.405978262424469 0.18333333730697632 0.022826075553894043 0.039130449295043945
2 0.34076085686683655 0.1463768184185028 0.031521737575531006 0.031884074211120605
1 0.14728261530399323 0.5891304612159729 0.02934783697128296 0.0362318754196167
2 0.447826087474823 0.49347828328609467 0.026086926460266113 0.03623190522193909
2 0.06847826391458511 0.22608695924282074 0.02826087176799774 0.034782618284225464
2 0.33097827434539795 0.3115941882133484 0.02934783697128296 0.03768116235733032
1 0.478804349899292 0.4681159555912018 0.02499997615814209 0.02608698606491089
0 0.2559782490134239 0.4014492630958557 0.024999991059303284 0.031884074211120605
1 0.3288043439388275 0.3340579569339752 0.022826075553894043 0.0362318754196167
