2 0.44347822666168213 0.4115942120552063 0.208695650100708 0.1826087236404419
2 0.6380434632301331 0.847101453691721 0.16304349899291992 0.20724637061357498
2 0.821195662021637 0.8855072483420372 0.1336956024169922 0.1768115907907486
0 0.9413043260574341 0.9065217413008213 0.08913040161132812 0.11739129573106766
1 0.613586962223053 0.44420289993286133 0.11630439758300781 0.15797102451324463
1 0.34619563817977905 0.24130433797836304 0.125 0.13768112659454346
1 0.12771737575531006 0.39855074882507324 0.1206521987915039 0.11304342746734619
2 0.24782606959342957 0.4057971239089966 0.14782613515853882 0.17101454734802246
0 0.6744565367698669 0.1253623366355896 0.09673917293548584 0.15217387676239014
1 0.7445651888847351 0.47101449966430664 0.13913047313690186 0.16811597347259521
0 0.863043487071991 0.49202901124954224 0.08478260040283203 0.14347827434539795
1 0.780434787273407 0.7594202905893326 0.10652172565460205 0.13623186945915222
1 0.228804349899292 0.7311594262719154 0.08152174949645996 0.08550722897052765
1 0.031521737575531006 0.654347836971283 0.06304347515106201 0.09130436182022095
1 0.034782618284225464 0.7557971030473709 0.06956523656845093 0.0942029058933258
1 0.07065215706825256 0.5137680917978287 0.05434781312942505 0.06521740555763245
1 0.820652186870575 0.27753621339797974 0.1086956262588501 0.1811593770980835
1 0.21793478727340698 0.24420291185379028 0.05978262424468994 0.08550727367401123
