2 0.4434782608695652 0.5884057971014492 0.2086956521739131 0.18260869565217383
2 0.6380434782608696 0.15289855072463768 0.16304347826086968 0.2072463768115942
2 0.8211956521739131 0.11449275362318839 0.13369565217391297 0.17681159420289855
0 0.9413043478260871 0.09347826086956522 0.08913043478260876 0.11739130434782609
1 0.6135869565217391 0.5557971014492752 0.11630434782608695 0.1579710144927536
1 0.3461956521739131 0.758695652173913 0.12500000000000003 0.13768115942029
1 0.1277173913043478 0.6014492753623188 0.12065217391304348 0.11304347826086955
2 0.24782608695652172 0.5942028985507245 0.14782608695652172 0.17101449275362307
0 0.6744565217391305 0.8746376811594203 0.09673913043478251 0.15217391304347813
1 0.7445652173913043 0.5289855072463768 0.1391304347826089 0.16811594202898525
0 0.8630434782608694 0.5079710144927536 0.08478260869565205 0.14347826086956522
1 0.7804347826086956 0.24057971014492754 0.10652173913043483 0.13623188405797101
1 0.22880434782608694 0.2688405797101449 0.08152173913043477 0.08550724637681156
1 0.03152173913043478 0.34565217391304337 0.06304347826086956 0.09130434782608722
1 0.03478260869565218 0.24420289855072458 0.06956521739130436 0.0942028985507246
1 0.07065217391304347 0.486231884057971 0.05434782608695651 0.06521739130434781
1 0.8206521739130431 0.7224637681159422 0.10869565217391354 0.18115942028985546
1 0.21793478260869567 0.7557971014492751 0.05978260869565217 0.08550724637681158
