2 0.5565217733383179 0.5884057879447937 0.208695650100708 0.1826087236404419
2 0.36195653676986694 0.15289854630827904 0.16304349899291992 0.20724637061357498
2 0.17880433797836304 0.1144927516579628 0.1336956024169922 0.1768115907907486
0 0.05869567394256592 0.0934782586991787 0.08913040161132812 0.11739129573106766
1 0.386413037776947 0.5557971000671387 0.11630439758300781 0.15797102451324463
1 0.653804361820221 0.758695662021637 0.125 0.13768112659454346
1 0.8722826242446899 0.6014492511749268 0.1206521987915039 0.11304342746734619
2 0.7521739304065704 0.5942028760910034 0.14782613515853882 0.17101454734802246
0 0.32554346323013306 0.8746376633644104 0.09673917293548584 0.15217387676239014
1 0.2554348111152649 0.5289855003356934 0.13913047313690186 0.16811597347259521
0 0.13695651292800903 0.5079709887504578 0.08478260040283203 0.14347827434539795
1 0.21956521272659302 0.24057970941066742 0.10652172565460205 0.13623186945915222
1 0.771195650100708 0.26884057372808456 0.08152174949645996 0.08550722897052765
1 0.968478262424469 0.34565216302871704 0.06304347515106201 0.09130436182022095
1 0.9652173817157745 0.2442028969526291 0.06956523656845093 0.0942029058933258
1 0.9293478429317474 0.4862319082021713 0.05434781312942505 0.06521740555763245
1 0.17934781312942505 0.7224637866020203 0.1086956262588501 0.1811593770980835
1 0.782065212726593 0.7557970881462097 0.05978262424468994 0.08550727367401123
