2 0.4434782415628433 0.5884057879447937 0.20869562029838562 0.1826087236404419
2 0.6380434632301331 0.15289854630827904 0.16304349899291992 0.20724637061357498
2 0.821195662021637 0.1144927516579628 0.1336956024169922 0.1768115907907486
0 0.9413043260574341 0.0934782586991787 0.08913040161132812 0.11739129573106766
1 0.613586962223053 0.5557971000671387 0.11630439758300781 0.15797102451324463
1 0.34619563817977905 0.758695662021637 0.125 0.13768112659454346
1 0.12771739065647125 0.6014492511749268 0.12065216898918152 0.11304342746734619
2 0.24782608449459076 0.5942028760910034 0.14782610535621643 0.17101454734802246
0 0.6744565367698669 0.8746376633644104 0.09673917293548584 0.15217387676239014
1 0.7445651888847351 0.5289855003356934 0.13913047313690186 0.16811597347259521
0 0.863043487071991 0.5079709887504578 0.08478260040283203 0.14347827434539795
1 0.780434787273407 0.24057970941066742 0.10652172565460205 0.13623186945915222
1 0.228804349899292 0.26884057372808456 0.08152174949645996 0.08550722897052765
1 0.031521737575531006 0.34565216302871704 0.06304347515106201 0.09130436182022095
1 0.03478260710835457 0.2442028969526291 0.06956521421670914 0.0942029058933258
1 0.07065217196941376 0.4862319082021713 0.05434782803058624 0.06521740555763245
1 0.820652186870575 0.7224637866020203 0.1086956262588501 0.1811593770980835
1 0.21793478727340698 0.7557970881462097 0.05978262424468994 0.08550727367401123
