1 0.573913037776947 0.18333333730697632 0.02826082706451416 0.030434787273406982
2 0.595108687877655 0.19347825646400452 0.027173876762390137 0.039130449295043945
2 0.5597826242446899 0.21231883764266968 0.030434727668762207 0.0362318754196167
1 0.604347825050354 0.2231884002685547 0.019565224647521973 0.034782618284225464
1 0.5777173638343811 0.23695651441812515 0.02499997615814209 0.03043477237224579
2 0.822826087474823 0.38840579986572266 0.03478264808654785 0.046376824378967285
2 0.864673912525177 0.4318840503692627 0.03804349899291992 0.03768116235733032
2 0.897826075553894 0.4644927680492401 0.03478264808654785 0.042028963565826416
1 0.9407608509063721 0.41449275612831116 0.03369569778442383 0.046376824378967285
2 0.981521725654602 0.48260870575904846 0.0369565486907959 0.049275338649749756
1 0.9826086759567261 0.43913042545318604 0.03478264808654785 0.049275338649749756
1 0.15706521272659302 0.5137681365013123 0.022826075553894043 0.02753627300262451
