1 0.573913037776947 0.8166666626930237 0.02826082706451416 0.030434787273406982
2 0.595108687877655 0.8065217435359955 0.027173876762390137 0.039130449295043945
2 0.5597826242446899 0.7876811623573303 0.030434727668762207 0.0362318754196167
1 0.604347825050354 0.7768115997314453 0.019565224647521973 0.034782618284225464
1 0.5777173638343811 0.7630434855818748 0.02499997615814209 0.03043477237224579
2 0.822826087474823 0.6115942001342773 0.03478264808654785 0.046376824378967285
2 0.864673912525177 0.5681159496307373 0.03804349899291992 0.03768116235733032
2 0.897826075553894 0.5355072319507599 0.03478264808654785 0.042028963565826416
1 0.9407608509063721 0.5855072438716888 0.03369569778442383 0.046376824378967285
2 0.981521725654602 0.5173912942409515 0.0369565486907959 0.049275338649749756
1 0.9826086759567261 0.560869574546814 0.03478264808654785 0.049275338649749756
1 0.15706521272659302 0.48623186349868774 0.022826075553894043 0.02753627300262451
