1 0.6934782564640045 0.5507246255874634 0.07173913717269897 0.07536232471466064
1 0.72826087474823 0.4681159108877182 0.08478260040283203 0.08115944266319275
0 0.708152174949646 0.33478260040283203 0.05326080322265625 0.05797100067138672
0 0.8298912942409515 0.29057973623275757 0.053260862827301025 0.08840584754943848
2 0.5978260934352875 0.3797101378440857 0.07173913717269897 0.10724639892578125
0 0.554347813129425 0.32028985023498535 0.04130434989929199 0.06376814842224121
2 0.6396739184856415 0.32608693838119507 0.072826087474823 0.07536232471466064
1 0.416847825050354 0.12608695030212402 0.04673910140991211 0.09565222263336182
1 0.2771739363670349 0.21594202518463135 0.05869567394256592 0.07826089859008789
0 0.824999988079071 0.1717391014099121 0.06956517696380615 0.06521737575531006
0 0.914130449295044 0.14492756128311157 0.06521737575531006 0.06376814842224121
0 0.4652174115180969 0.17391306161880493 0.04782605171203613 0.05217397212982178
0 0.22010868787765503 0.8920289874076843 0.03152167797088623 0.04782608151435852
2 0.094021737575531 0.8123188465833664 0.02499997615814209 0.03333333134651184
0 0.6619565486907959 0.7362318858504295 0.039130449295043945 0.040579721331596375
0 0.64402174949646 0.780434787273407 0.027173995971679688 0.039130449295043945
0 0.602173924446106 0.7978260815143585 0.02173912525177002 0.04492753744125366
0 0.705978274345398 0.8746376819908619 0.027173995971679688 0.050724633038043976
1 0.06576085090637207 0.7934782654047012 0.03369569778442383 0.030434787273406982
