1 0.6934782564640045 0.4492753744125366 0.07173913717269897 0.07536232471466064
1 0.72826087474823 0.5318840891122818 0.08478260040283203 0.08115944266319275
0 0.708152174949646 0.665217399597168 0.05326080322265625 0.05797100067138672
0 0.8298912942409515 0.7094202637672424 0.053260862827301025 0.08840584754943848
2 0.5978260934352875 0.6202898621559143 0.07173913717269897 0.10724639892578125
0 0.554347813129425 0.6797101497650146 0.04130434989929199 0.06376814842224121
2 0.6396739184856415 0.6739130616188049 0.072826087474823 0.07536232471466064
1 0.416847825050354 0.873913049697876 0.04673910140991211 0.09565222263336182
1 0.2771739363670349 0.7840579748153687 0.05869567394256592 0.07826089859008789
0 0.824999988079071 0.8282608985900879 0.06956517696380615 0.06521737575531006
0 0.914130449295044 0.8550724387168884 0.06521737575531006 0.06376814842224121
0 0.4652174115180969 0.8260869383811951 0.04782605171203613 0.05217397212982178
0 0.22010868787765503 0.10797101259231567 0.03152167797088623 0.04782608151435852
2 0.094021737575531 0.1876811534166336 0.02499997615814209 0.03333333134651184
0 0.6619565486907959 0.26376811414957047 0.039130449295043945 0.040579721331596375
0 0.64402174949646 0.21956521272659302 0.027173995971679688 0.039130449295043945
0 0.602173924446106 0.20217391848564148 0.02173912525177002 0.04492753744125366
0 0.705978274345398 0.1253623180091381 0.027173995971679688 0.050724633038043976
1 0.06576085090637207 0.20652173459529877 0.03369569778442383 0.030434787273406982
