1 0.3065217435359955 0.4492753744125366 0.07173913717269897 0.07536232471466064
1 0.27173912525177 0.5318840891122818 0.08478260040283203 0.08115944266319275
0 0.291847825050354 0.665217399597168 0.053260862827301025 0.05797100067138672
0 0.17010869085788727 0.7094202637672424 0.053260862827301025 0.08840584754943848
2 0.4021739065647125 0.6202898621559143 0.07173913717269897 0.10724639892578125
0 0.44565218687057495 0.6797101497650146 0.04130434989929199 0.06376814842224121
2 0.3603260815143585 0.6739130616188049 0.072826087474823 0.07536232471466064
1 0.583152174949646 0.873913049697876 0.04673910140991211 0.09565222263336182
1 0.7228260636329651 0.7840579748153687 0.05869567394256592 0.07826089859008789
0 0.17499999701976776 0.8282608985900879 0.06956520676612854 0.06521737575531006
0 0.08586956560611725 0.8550724387168884 0.06521739065647125 0.06376814842224121
0 0.5347825884819031 0.8260869383811951 0.04782605171203613 0.05217397212982178
0 0.779891312122345 0.10797101259231567 0.03152167797088623 0.04782608151435852
2 0.905978262424469 0.1876811534166336 0.02499997615814209 0.03333333134651184
0 0.3380434811115265 0.26376811414957047 0.039130449295043945 0.040579721331596375
0 0.35597825050354004 0.21956521272659302 0.027173936367034912 0.039130449295043945
0 0.39782607555389404 0.20217391848564148 0.02173912525177002 0.04492753744125366
0 0.29402172565460205 0.1253623180091381 0.027173936367034912 0.050724633038043976
1 0.9342391490936279 0.20652173459529877 0.03369569778442383 0.030434787273406982
