2 0.436413049697876 0.2601449266076088 0.02499997615814209 0.033333346247673035
1 0.9130434989929199 0.4434782564640045 0.054347872734069824 0.06376808881759644
1 0.9657608866691589 0.3971014618873596 0.05978262424468994 0.06666666269302368
1 0.761956512928009 0.3072463870048523 0.04347825050354004 0.05797100067138672
0 0.875 0.4949275404214859 0.05652177333831787 0.05652174353599548
1 0.7869565486907959 0.4485507309436798 0.04347825050354004 0.07391303777694702
2 0.644565224647522 0.239130437374115 0.026086926460266113 0.02898550033569336
0 0.79347825050354 0.3115941882133484 0.039130449295043945 0.034782588481903076
1 0.553260862827301 0.43043479323387146 0.026086926460266113 0.034782588481903076
0 0.740217387676239 0.4644927680492401 0.04347825050354004 0.05942028760910034
