1 0.623369574546814 0.4855072498321533 0.042391300201416016 0.05797100067138672
2 0.51902174949646 0.323913037776947 0.027173995971679688 0.05072462558746338
2 0.801630437374115 0.17101448774337769 0.029347777366638184 0.02898550033569336
2 0.823369562625885 0.16956521570682526 0.02499997615814209 0.034782618284225464
2 0.2646738886833191 0.26739129424095154 0.027173876762390137 0.039130449295043945
2 0.32065218687057495 0.2644927576184273 0.02826082706451416 0.033333346247673035
1 0.708695650100708 0.5594202876091003 0.04130434989929199 0.04927539825439453
1 0.653804361820221 0.5210144966840744 0.03804349899291992 0.044927507638931274
1 0.54347825050354 0.5891304612159729 0.02173912525177002 0.03333330154418945
1 0.70652174949646 0.47826087474823 0.04130434989929199 0.04347825050354004
1 0.03532606363296509 0.5275362133979797 0.03369569778442383 0.03478264808654785
0 0.02228260040283203 0.5797101259231567 0.03152179718017578 0.03478264808654785
