1 0.5144927501678467 0.623369574546814 0.05797100067138672 0.042391300201416016
2 0.676086962223053 0.51902174949646 0.05072462558746338 0.027173995971679688
2 0.8289855122566223 0.801630437374115 0.02898550033569336 0.029347777366638184
2 0.8304347842931747 0.823369562625885 0.034782618284225464 0.02499997615814209
2 0.7326087057590485 0.2646738886833191 0.039130449295043945 0.027173876762390137
2 0.7355072423815727 0.32065218687057495 0.033333346247673035 0.02826082706451416
1 0.44057971239089966 0.708695650100708 0.04927539825439453 0.04130434989929199
1 0.4789855033159256 0.653804361820221 0.044927507638931274 0.03804349899291992
1 0.4108695387840271 0.54347825050354 0.03333330154418945 0.02173912525177002
1 0.52173912525177 0.70652174949646 0.04347825050354004 0.04130434989929199
1 0.47246378660202026 0.03532606363296509 0.03478264808654785 0.03369569778442383
0 0.42028987407684326 0.02228260040283203 0.03478264808654785 0.03152179718017578
