0 0.2548912987112999 0.7826087027788162 0.07717390358448029 0.06956520676612854
2 0.25923914462327957 0.6971014440059662 0.07934783399105072 0.10144925117492676
2 0.4418478310108185 0.5615941882133484 0.07934784889221191 0.13768112659454346
2 0.364130437374115 0.3442028760910034 0.093478262424469 0.1405797004699707
0 0.478804349899292 0.24202901124954224 0.06630432605743408 0.104347825050354
0 0.5668478012084961 0.291304349899292 0.05543482303619385 0.10724639892578125
1 0.544021725654602 0.7927536219358444 0.0532609224319458 0.08405795693397522
0 0.6108695864677429 0.6659420430660248 0.05652177333831787 0.09130436182022095
0 0.7945652008056641 0.6644927561283112 0.039130449295043945 0.07681161165237427
0 0.976630449295044 0.5384058058261871 0.04673910140991211 0.07101446390151978
0 0.8260869383811951 0.6202898621559143 0.039130449295043945 0.060869574546813965
1 0.7972826361656189 0.9724637670442462 0.048913002014160156 0.04637681506574154
0 0.572282612323761 0.7224637567996979 0.03369569778442383 0.05942028760910034
0 0.8097826242446899 0.7760869562625885 0.02826082706451416 0.04782608151435852
0 0.7663043737411499 0.7971014529466629 0.023913025856018066 0.049275368452072144
0 0.9239130616188049 0.3166666626930237 0.04999995231628418 0.07101452350616455
0 0.22554348409175873 0.39275360107421875 0.03586956858634949 0.04927539825439453
0 0.261413037776947 0.3478260636329651 0.04021739959716797 0.03478264808654785
0 0.2396739199757576 0.2811594009399414 0.03804348409175873 0.04057967662811279
