0 0.2548912987112999 0.21739129722118378 0.07717390358448029 0.06956520676612854
2 0.25923914462327957 0.3028985559940338 0.07934783399105072 0.10144925117492676
2 0.4418478310108185 0.4384058117866516 0.07934784889221191 0.13768112659454346
2 0.364130437374115 0.6557971239089966 0.093478262424469 0.1405797004699707
0 0.478804349899292 0.7579709887504578 0.06630432605743408 0.104347825050354
0 0.5668478012084961 0.708695650100708 0.05543482303619385 0.10724639892578125
1 0.544021725654602 0.20724637806415558 0.0532609224319458 0.08405795693397522
0 0.6108695864677429 0.3340579569339752 0.05652177333831787 0.09130436182022095
0 0.7945652008056641 0.33550724387168884 0.039130449295043945 0.07681161165237427
0 0.976630449295044 0.46159419417381287 0.04673910140991211 0.07101446390151978
0 0.8260869383811951 0.3797101378440857 0.039130449295043945 0.060869574546813965
1 0.7972826361656189 0.027536232955753803 0.048913002014160156 0.04637681506574154
0 0.572282612323761 0.2775362432003021 0.03369569778442383 0.05942028760910034
0 0.8097826242446899 0.2239130437374115 0.02826082706451416 0.04782608151435852
0 0.7663043737411499 0.2028985470533371 0.023913025856018066 0.049275368452072144
0 0.9239130616188049 0.6833333373069763 0.04999995231628418 0.07101452350616455
0 0.22554348409175873 0.6072463989257812 0.03586956858634949 0.04927539825439453
0 0.261413037776947 0.6521739363670349 0.04021739959716797 0.03478264808654785
0 0.2396739199757576 0.7188405990600586 0.03804348409175873 0.04057967662811279
