0 0.7451086938381195 0.21739129722118378 0.07717388868331909 0.06956520676612854
2 0.740760862827301 0.3028985559940338 0.07934784889221191 0.10144925117492676
2 0.5581521987915039 0.4384058117866516 0.07934784889221191 0.13768112659454346
2 0.635869562625885 0.6557971239089966 0.09347832202911377 0.1405797004699707
0 0.521195650100708 0.7579709887504578 0.06630432605743408 0.104347825050354
0 0.4331521987915039 0.708695650100708 0.05543482303619385 0.10724639892578125
1 0.45597827434539795 0.20724637806415558 0.0532609224319458 0.08405795693397522
0 0.3891304135322571 0.3340579569339752 0.05652177333831787 0.09130436182022095
0 0.20543479919433594 0.33550724387168884 0.039130449295043945 0.07681161165237427
0 0.023369550704956055 0.46159419417381287 0.04673910140991211 0.07101446390151978
0 0.17391306161880493 0.3797101378440857 0.039130449295043945 0.060869574546813965
1 0.2027173638343811 0.027536232955753803 0.048913002014160156 0.04637681506574154
0 0.427717387676239 0.2775362432003021 0.03369569778442383 0.05942028760910034
0 0.19021737575531006 0.2239130437374115 0.02826082706451416 0.04782608151435852
0 0.2336956262588501 0.2028985470533371 0.023913025856018066 0.049275368452072144
0 0.07608693838119507 0.6833333373069763 0.04999995231628418 0.07101452350616455
0 0.7744565010070801 0.6072463989257812 0.035869598388671875 0.04927539825439453
0 0.738586962223053 0.6521739363670349 0.04021739959716797 0.03478264808654785
0 0.760326087474823 0.7188405990600586 0.03804349899291992 0.04057967662811279
