2 0.261413037776947 0.34057968854904175 0.10108697414398193 0.10724639892578125
0 0.1614130437374115 0.4057971239089966 0.0989130437374115 0.08695650100708008
0 0.42010870575904846 0.36231881380081177 0.06413042545318604 0.060869574546813965
0 0.2961956560611725 0.19420289993286133 0.05760866403579712 0.06666672229766846
2 0.9228261113166809 0.591304361820221 0.060869574546813965 0.060869574546813965
1 0.85597825050354 0.5159420371055603 0.05543482303619385 0.05797100067138672
0 0.9201086759567261 0.49782611429691315 0.057608723640441895 0.04782608151435852
1 0.8592391014099121 0.43985509872436523 0.0510869026184082 0.04492759704589844
0 0.976630449295044 0.13188403844833374 0.04673910140991211 0.05507242679595947
2 0.833152174949646 0.24855071306228638 0.02499997615814209 0.0362318754196167
2 0.8891304135322571 0.313043475151062 0.026086926460266113 0.031884074211120605
2 0.12391304224729538 0.906521737575531 0.03478260338306427 0.042028993368148804
1 0.30869564414024353 0.9550724634900689 0.019565224647521973 0.04637681134045124
1 0.342934787273407 0.9637681171298027 0.02934783697128296 0.04927536100149155
2 0.019021738320589066 0.45942026376724243 0.03804347664117813 0.04927539825439453
0 0.044565215706825256 0.5949275493621826 0.032608695328235626 0.030434787273406982
2 0.054891303181648254 0.6304347813129425 0.029347822070121765 0.034782588481903076
0 0.33152174949645996 0.38768118619918823 0.07391303777694702 0.07971012592315674
0 0.938043475151062 0.3999999761581421 0.05869567394256592 0.05797100067138672
