2 0.738586962223053 0.6594203114509583 0.10108697414398193 0.10724639892578125
0 0.8385869562625885 0.5942028760910034 0.09891301393508911 0.08695650100708008
0 0.5798912644386292 0.6376811861991882 0.06413042545318604 0.060869574546813965
0 0.7038043439388275 0.8057971000671387 0.05760866403579712 0.06666672229766846
2 0.07717388868331909 0.40869563817977905 0.060869574546813965 0.060869574546813965
1 0.14402174949645996 0.4840579628944397 0.05543482303619385 0.05797100067138672
0 0.07989132404327393 0.5021738857030869 0.057608723640441895 0.04782608151435852
1 0.1407608985900879 0.5601449012756348 0.0510869026184082 0.04492759704589844
0 0.023369550704956055 0.8681159615516663 0.04673910140991211 0.05507242679595947
2 0.166847825050354 0.7514492869377136 0.02499997615814209 0.0362318754196167
2 0.11086958646774292 0.686956524848938 0.026086926460266113 0.031884074211120605
2 0.876086950302124 0.093478262424469 0.03478264808654785 0.042028993368148804
1 0.6913043856620789 0.04492753650993109 0.019565224647521973 0.04637681134045124
1 0.657065212726593 0.036231882870197296 0.029347777366638184 0.04927536100149155
2 0.98097825050354 0.5405797362327576 0.03804349899291992 0.04927539825439453
0 0.9554347693920135 0.4050724506378174 0.03260868787765503 0.030434787273406982
2 0.9451086819171906 0.3695652186870575 0.02934783697128296 0.034782588481903076
0 0.66847825050354 0.6123188138008118 0.0739130973815918 0.07971012592315674
0 0.06195652484893799 0.6000000238418579 0.05869567394256592 0.05797100067138672
