1 0.4579710364341736 0.740217387676239 0.07536232471466064 0.06521737575531006
2 0.4376811385154724 0.904891312122345 0.06666672229766846 0.08152174949645996
0 0.5130434930324554 0.779891312122345 0.07826083898544312 0.06630432605743408
2 0.45942026376724243 0.616304337978363 0.08985507488250732 0.06521737575531006
1 0.39855074882507324 0.7440217137336731 0.06376814842224121 0.06413042545318604
0 0.5514492690563202 0.970652163028717 0.06521737575531006 0.05869567394256592
1 0.7898550778627396 0.842934787273407 0.057971030473709106 0.048913002014160156
0 0.5217391103506088 0.5983695387840271 0.06666669249534607 0.06413042545318604
0 0.8586956523358822 0.602173924446106 0.07681160420179367 0.05652177333831787
2 0.8637681119143963 0.29347825050354004 0.06086956709623337 0.0369565486907959
2 0.9789855070412159 0.5657608509063721 0.04202898591756821 0.035869598388671875
2 0.907971017062664 0.591304361820221 0.04492753744125366 0.04130434989929199
2 0.7557971104979515 0.43043479323387146 0.04492752254009247 0.045652151107788086
0 0.8210144937038422 0.821195662021637 0.042028993368148804 0.029347777366638184
