1 0.259782612323761 0.5420289635658264 0.06521737575531006 0.07536232471466064
2 0.09510868787765503 0.5623188614845276 0.08152174949645996 0.06666672229766846
0 0.22010868787765503 0.48695650696754456 0.06630432605743408 0.07826083898544312
2 0.38369566202163696 0.5405797362327576 0.06521737575531006 0.08985507488250732
1 0.2559782862663269 0.6014492511749268 0.06413042545318604 0.06376814842224121
0 0.02934783697128296 0.4485507309436798 0.05869567394256592 0.06521737575531006
1 0.15706521272659302 0.21014492213726044 0.048913002014160156 0.057971030473709106
0 0.4016304612159729 0.4782608896493912 0.06413042545318604 0.06666669249534607
0 0.39782607555389404 0.1413043476641178 0.05652177333831787 0.07681160420179367
2 0.70652174949646 0.13623188808560371 0.0369565486907959 0.06086956709623337
2 0.43423914909362793 0.021014492958784103 0.035869598388671875 0.04202898591756821
2 0.40869563817977905 0.09202898293733597 0.04130434989929199 0.04492753744125366
2 0.5695651769638062 0.2442028895020485 0.045652151107788086 0.04492752254009247
0 0.17880433797836304 0.17898550629615784 0.029347777366638184 0.042028993368148804
