1 0.740217387676239 0.5420289635658264 0.06521737575531006 0.07536232471466064
2 0.904891312122345 0.5623188614845276 0.08152174949645996 0.06666672229766846
0 0.779891312122345 0.48695650696754456 0.06630432605743408 0.07826083898544312
2 0.616304337978363 0.5405797362327576 0.06521737575531006 0.08985507488250732
1 0.7440217137336731 0.6014492511749268 0.06413042545318604 0.06376814842224121
0 0.970652163028717 0.4485507309436798 0.05869567394256592 0.06521737575531006
1 0.842934787273407 0.21014492213726044 0.048913002014160156 0.057971030473709106
0 0.5983695387840271 0.4782608896493912 0.06413042545318604 0.06666669249534607
0 0.602173924446106 0.1413043476641178 0.05652177333831787 0.07681160420179367
2 0.29347825050354004 0.13623188808560371 0.0369565486907959 0.06086956709623337
2 0.5657608509063721 0.021014492958784103 0.035869598388671875 0.04202898591756821
2 0.591304361820221 0.09202898293733597 0.04130434989929199 0.04492753744125366
2 0.43043479323387146 0.2442028895020485 0.045652151107788086 0.04492752254009247
0 0.821195662021637 0.17898550629615784 0.029347777366638184 0.042028993368148804
