2 0.4206521511077881 0.2869565188884735 0.02826082706451416 0.04347825050354004
1 0.43913042545318604 0.25869565457105637 0.023913025856018066 0.04202897846698761
1 0.4646739363670349 0.2869565188884735 0.02499997615814209 0.03768116235733032
0 0.093478262424469 0.28913044929504395 0.03478264808654785 0.04492753744125366
1 0.7543478310108185 0.46014493703842163 0.02608698606491089 0.030434787273406982
2 0.5864130854606628 0.27826085686683655 0.01847827434539795 0.034782588481903076
1 0.604347825050354 0.2557970881462097 0.023913025856018066 0.0362318754196167
1 0.945652186870575 0.6268116235733032 0.023913025856018066 0.03333330154418945
1 0.9510869681835175 0.5137681216001511 0.030434787273406982 0.030434757471084595
1 0.16413044929504395 0.31521740555763245 0.030434727668762207 0.039130449295043945
1 0.2961956262588501 0.7369565367698669 0.020652174949645996 0.030434727668762207
0 0.9505434930324554 0.5514492988586426 0.027173936367034912 0.03333330154418945
1 0.9858695864677429 0.6159420013427734 0.023913025856018066 0.031884074211120605
0 0.19945651292800903 0.17536231875419617 0.027173876762390137 0.04057970643043518
1 0.574456512928009 0.2869565188884735 0.022826075553894043 0.02898550033569336
