2 0.5793478488922119 0.2869565188884735 0.02826082706451416 0.04347825050354004
1 0.560869574546814 0.25869565457105637 0.023913025856018066 0.04202897846698761
1 0.5353260636329651 0.2869565188884735 0.02499997615814209 0.03768116235733032
0 0.906521737575531 0.28913044929504395 0.03478264808654785 0.04492753744125366
1 0.24565217643976212 0.46014493703842163 0.026086971163749695 0.030434787273406982
2 0.41358694434165955 0.27826085686683655 0.01847827434539795 0.034782588481903076
1 0.395652174949646 0.2557970881462097 0.023913025856018066 0.0362318754196167
1 0.05434782616794109 0.6268116235733032 0.02391304448246956 0.03333330154418945
1 0.04891304299235344 0.5137681216001511 0.030434779822826385 0.030434757471084595
1 0.835869550704956 0.31521740555763245 0.030434727668762207 0.039130449295043945
1 0.7038043737411499 0.7369565367698669 0.020652174949645996 0.030434727668762207
0 0.0494565200060606 0.5514492988586426 0.027173910290002823 0.03333330154418945
1 0.014130434952676296 0.6159420013427734 0.02391304261982441 0.031884074211120605
0 0.800543487071991 0.17536231875419617 0.027173876762390137 0.04057970643043518
1 0.42554348707199097 0.2869565188884735 0.022826075553894043 0.02898550033569336
