2 0.2869565188884735 0.4206521511077881 0.04347825050354004 0.02826082706451416
1 0.25869565457105637 0.43913042545318604 0.04202897846698761 0.023913025856018066
1 0.2869565188884735 0.4646739363670349 0.03768116235733032 0.02499997615814209
0 0.28913044929504395 0.093478262424469 0.04492753744125366 0.03478264808654785
1 0.46014493703842163 0.7543478235602379 0.030434787273406982 0.026086971163749695
2 0.27826085686683655 0.5864130556583405 0.034782588481903076 0.01847827434539795
1 0.2557970881462097 0.604347825050354 0.0362318754196167 0.023913025856018066
1 0.6268116235733032 0.9456521738320589 0.03333330154418945 0.02391304448246956
1 0.5137681216001511 0.9510869570076466 0.030434757471084595 0.030434779822826385
1 0.31521740555763245 0.16413044929504395 0.039130449295043945 0.030434727668762207
1 0.7369565367698669 0.2961956262588501 0.030434727668762207 0.020652174949645996
0 0.5514492988586426 0.9505434799939394 0.03333330154418945 0.027173910290002823
1 0.6159420013427734 0.9858695650473237 0.031884074211120605 0.02391304261982441
0 0.17536231875419617 0.19945651292800903 0.04057970643043518 0.027173876762390137
1 0.2869565188884735 0.574456512928009 0.02898550033569336 0.022826075553894043
