2 0.36684782608695654 0.5086956521739129 0.06847826086956532 0.14492753623188412
1 0.29891304347826086 0.6 0.06956521739130438 0.09565217391304344
1 0.43152173913043484 0.47608695652173916 0.05652173913043477 0.09710144927536234
1 0.7576086956521739 0.7231884057971015 0.05 0.09275362318840578
1 0.5646739130434782 0.12318840579710144 0.06413043478260867 0.11304347826086956
2 0.7135869565217388 0.6282608695652174 0.07282608695652168 0.14637681159420302
1 0.6940217391304347 0.6739130434782608 0.044565217391304375 0.06956521739130425
1 0.40543478260869553 0.12826086956521737 0.05869565217391304 0.0826086956521739
1 0.889673913043478 0.8275362318840577 0.04021739130434752 0.07826086956521708
1 0.6570652173913044 0.17681159420289855 0.06630434782608702 0.10144927536231885
