2 0.633152186870575 0.508695662021637 0.06847822666168213 0.1449275016784668
1 0.7010869681835175 0.6000000238418579 0.06956523656845093 0.09565222263336182
1 0.5684782564640045 0.47608695924282074 0.056521713733673096 0.09710147976875305
1 0.24239128828048706 0.7231884002685547 0.04999995231628418 0.09275364875793457
1 0.43532609939575195 0.12318840622901917 0.06413042545318604 0.11304348707199097
2 0.2864130139350891 0.6282608509063721 0.07282602787017822 0.1463768482208252
1 0.3059782385826111 0.6739130616188049 0.04456520080566406 0.06956517696380615
1 0.594565212726593 0.12826086580753326 0.05869567394256592 0.08260869979858398
1 0.11032611131668091 0.8275362253189087 0.04021739959716797 0.07826089859008789
1 0.342934787273407 0.1768115907907486 0.06630432605743408 0.10144928097724915
