2 0.4222826063632965 0.5637680888175964 0.0684782862663269 0.0724637508392334
1 0.5249999910593033 0.48115943372249603 0.05652174353599548 0.08695653080940247
0 0.5554347634315491 0.6384057998657227 0.05217397212982178 0.06231880187988281
1 0.39239129424095154 0.6195651888847351 0.06304347515106201 0.05072462558746338
1 0.384782612323761 0.7246376872062683 0.05869567394256592 0.05797100067138672
0 0.41956523060798645 0.6804347634315491 0.05869567394256592 0.053623199462890625
0 0.5255434513092041 0.8275362253189087 0.04673910140991211 0.06666672229766846
1 0.675543487071991 0.5623188614845276 0.03804349899291992 0.04927539825439453
0 0.8815217614173889 0.3427536189556122 0.02826082706451416 0.05072462558746338
0 0.686413049697876 0.30507245659828186 0.02499997615814209 0.04782611131668091
1 0.541847825050354 0.9652174115180969 0.042391300201416016 0.05797100067138672
