2 0.5777173936367035 0.43623191118240356 0.0684782862663269 0.0724637508392334
1 0.4749999940395355 0.518840566277504 0.056521713733673096 0.08695653080940247
0 0.4445652365684509 0.36159420013427734 0.05217397212982178 0.06231880187988281
1 0.6076087355613708 0.3804348111152649 0.06304347515106201 0.05072462558746338
1 0.615217387676239 0.2753623127937317 0.05869567394256592 0.05797100067138672
0 0.5804347395896912 0.3195652365684509 0.05869567394256592 0.053623199462890625
0 0.4744565486907959 0.1724637746810913 0.04673910140991211 0.06666672229766846
1 0.32445651292800903 0.4376811385154724 0.03804349899291992 0.04927539825439453
0 0.11847823858261108 0.6572463810443878 0.02826082706451416 0.05072462558746338
0 0.313586950302124 0.6949275434017181 0.02499997615814209 0.04782611131668091
1 0.458152174949646 0.034782588481903076 0.042391300201416016 0.05797100067138672
