2 0.22554347826086957 0.572463768115942 0.17934782608695657 0.23768115942028992
1 0.33206521739130435 0.3101449275362319 0.14456521739130437 0.21739130434782608
1 0.5369565217391297 0.31449275362318846 0.1152173913043477 0.15942028985507245
1 0.7211956521739131 0.5260869565217391 0.14673913043478265 0.21739130434782608
2 0.5472826086956524 0.7173913043478257 0.16847826086956552 0.3101449275362316
2 0.3918478260869565 0.7210144927536233 0.1423913043478261 0.24782608695652175
2 0.7641304347826084 0.7572463768115942 0.15652173913043452 0.2913043478260872
1 0.6652173913043478 0.818840579710145 0.14565217391304344 0.24637681159420283
1 0.653804347826087 0.6434782608695642 0.11630434782608706 0.14202898550724627
2 0.4505434782608696 0.37246376811594195 0.13152173913043483 0.22028985507246385
1 0.7385869565217391 0.1557971014492753 0.10978260869565219 0.1260869565217392
2 0.46902173913043477 0.5666666666666668 0.1489130434782608 0.22028985507246382
