2 0.7744565308094025 0.5724637508392334 0.17934781312942505 0.23768115043640137
1 0.667934775352478 0.31014493107795715 0.14456522464752197 0.21739131212234497
1 0.4630434513092041 0.31449276208877563 0.11521744728088379 0.15942031145095825
1 0.27880436182022095 0.5260869711637497 0.14673912525177002 0.21739128232002258
2 0.4527173638343811 0.717391312122345 0.16847825050354004 0.31014490127563477
2 0.6081522107124329 0.7210144996643066 0.14239132404327393 0.24782609939575195
2 0.23586958646774292 0.7572463750839233 0.15652167797088623 0.291304349899292
1 0.33478260040283203 0.8188405632972717 0.145652174949646 0.2463768720626831
1 0.34619563817977905 0.643478274345398 0.11630439758300781 0.1420290470123291
2 0.5494565069675446 0.37246376276016235 0.13152176141738892 0.22028982639312744
1 0.261413037776947 0.1557970941066742 0.10978257656097412 0.12608695030212402
2 0.530978262424469 0.5666666626930237 0.14891302585601807 0.22028982639312744
