2 0.5570651888847351 0.70652174949646 0.07282602787017822 0.10289853811264038
2 0.34565216302871704 0.7326087057590485 0.05869567394256592 0.10289853811264038
2 0.2342391312122345 0.6210145056247711 0.06413042545318604 0.08550721406936646
1 0.30597826838493347 0.6181159317493439 0.05543476343154907 0.07971012592315674
2 0.2869565188884735 0.48695653676986694 0.06304347515106201 0.08695650100708008
2 0.22500000149011612 0.37101447582244873 0.06739132106304169 0.08405792713165283
2 0.4228260815143585 0.3804348111152649 0.056521713733673096 0.07971012592315674
2 0.5070652365684509 0.6789855062961578 0.05978262424468994 0.08550721406936646
1 0.553260862827301 0.582608699798584 0.054347872734069824 0.08115941286087036
2 0.707065224647522 0.5724637806415558 0.06847822666168213 0.08695650100708008
2 0.7652173638343811 0.4905797094106674 0.0717390775680542 0.10289856791496277
2 0.7989130616188049 0.4289855360984802 0.0673912763595581 0.09855067729949951
2 0.7630434632301331 0.3557971119880676 0.0673912763595581 0.07971012592315674
2 0.636413037776947 0.3289855122566223 0.07065212726593018 0.09275364875793457
2 0.7021738886833191 0.46666663885116577 0.0739130973815918 0.104347825050354
2 0.654347836971283 0.5369565188884735 0.07826089859008789 0.09130436182022095
2 0.5690217614173889 0.47246378660202026 0.06847822666168213 0.09275364875793457
2 0.3804347813129425 0.4572463780641556 0.06956523656845093 0.09130433201789856
1 0.4543478190898895 0.5768115818500519 0.05869567394256592 0.07536232471466064
2 0.4521739184856415 0.4855072498321533 0.07608693838119507 0.104347825050354
1 0.2771739065647125 0.4014492630958557 0.06304347515106201 0.07826089859008789
2 0.6923912763595581 0.3536232113838196 0.0673912763595581 0.08985507488250732
2 0.7255434989929199 0.28985506296157837 0.06413042545318604 0.09275364875793457
2 0.553804337978363 0.35072463750839233 0.05543482303619385 0.08695650100708008
1 0.614130437374115 0.47536231577396393 0.05652177333831787 0.08405795693397522
1 0.364673912525177 0.6202898621559143 0.04891306161880493 0.06376814842224121
