2 0.4429348111152649 0.29347825050354004 0.07282602787017822 0.10289853811264038
2 0.654347836971283 0.26739129424095154 0.05869567394256592 0.10289853811264038
2 0.7657608389854431 0.3789854943752289 0.06413042545318604 0.08550721406936646
1 0.6940217316150665 0.38188406825065613 0.05543476343154907 0.07971012592315674
2 0.7130435109138489 0.5130434632301331 0.06304347515106201 0.08695650100708008
2 0.7750000059604645 0.6289855241775513 0.06739133596420288 0.08405792713165283
2 0.5771739184856415 0.6195651888847351 0.056521713733673096 0.07971012592315674
2 0.4929347634315491 0.32101449370384216 0.05978262424468994 0.08550721406936646
1 0.446739137172699 0.417391300201416 0.054347872734069824 0.08115941286087036
2 0.292934775352478 0.4275362193584442 0.06847822666168213 0.08695650100708008
2 0.2347826361656189 0.5094202905893326 0.0717390775680542 0.10289856791496277
2 0.20108693838119507 0.5710144639015198 0.0673912763595581 0.09855067729949951
2 0.23695653676986694 0.6442028880119324 0.0673912763595581 0.07971012592315674
2 0.363586962223053 0.6710144877433777 0.07065212726593018 0.09275364875793457
2 0.2978261113166809 0.5333333611488342 0.0739130973815918 0.104347825050354
2 0.34565216302871704 0.4630434811115265 0.07826089859008789 0.09130436182022095
2 0.4309782385826111 0.5275362133979797 0.06847822666168213 0.09275364875793457
2 0.6195652186870575 0.5427536219358444 0.06956523656845093 0.09130433201789856
1 0.5456522107124329 0.4231884181499481 0.05869567394256592 0.07536232471466064
2 0.5478260815143585 0.5144927501678467 0.07608693838119507 0.104347825050354
1 0.7228260636329651 0.5985507369041443 0.06304347515106201 0.07826089859008789
2 0.3076087236404419 0.6463767886161804 0.0673912763595581 0.08985507488250732
2 0.2744565010070801 0.7101449370384216 0.06413042545318604 0.09275364875793457
2 0.44619566202163696 0.6492753624916077 0.05543482303619385 0.08695650100708008
1 0.385869562625885 0.5246376842260361 0.05652177333831787 0.08405795693397522
1 0.635326087474823 0.3797101378440857 0.04891312122344971 0.06376814842224121
