2 0.5570652173913043 0.29347826086956524 0.07282608695652174 0.10289855072463766
2 0.3456521739130434 0.26739130434782604 0.05869565217391291 0.10289855072463756
2 0.23423913043478264 0.3789855072463771 0.06413043478260873 0.0855072463768117
1 0.30597826086956526 0.38188405797101443 0.055434782608695665 0.07971014492753618
2 0.28695652173913044 0.5130434782608695 0.06304347826086953 0.08695652173913039
2 0.225 0.6289855072463769 0.06739130434782609 0.0840579710144928
2 0.42282608695652174 0.6195652173913043 0.05652173913043477 0.07971014492753625
2 0.5070652173913044 0.32101449275362315 0.05978260869565219 0.08550724637681163
1 0.5532608695652175 0.4173913043478261 0.054347826086956416 0.08115942028985508
2 0.7070652173913043 0.427536231884058 0.06847826086956531 0.08695652173913046
2 0.7652173913043478 0.5094202898550724 0.07173913043478265 0.10289855072463766
2 0.7989130434782608 0.5710144927536231 0.06739130434782609 0.09855072463768125
2 0.7630434782608697 0.6442028985507245 0.0673913043478267 0.07971014492753603
2 0.6364130434782609 0.6710144927536232 0.07065217391304345 0.09275362318840571
2 0.7021739130434781 0.5333333333333333 0.07391304347826079 0.10434782608695656
2 0.6543478260869565 0.46304347826086956 0.07826086956521743 0.09130434782608689
2 0.5690217391304347 0.527536231884058 0.06847826086956531 0.09275362318840578
2 0.3804347826086957 0.5427536231884058 0.06956521739130438 0.09130434782608703
1 0.4543478260869565 0.42318840579710154 0.05869565217391312 0.07536231884057976
2 0.45217391304347826 0.5144927536231884 0.07608695652173914 0.10434782608695656
1 0.27717391304347827 0.5985507246376812 0.06304347826086953 0.07826086956521743
2 0.6923913043478259 0.6463768115942028 0.06739130434782598 0.08985507246376802
2 0.7255434782608696 0.7101449275362319 0.0641304347826086 0.09275362318840565
2 0.553804347826087 0.6492753623188405 0.05543478260869577 0.08695652173913046
1 0.6141304347826088 0.5246376811594203 0.05652173913043477 0.08405797101449274
1 0.3646739130434783 0.37971014492753613 0.04891304347826085 0.06376811594202898
