0 0.09510869532823563 0.7471014261245728 0.029347822070121765 0.0362318754196167
1 0.12445652112364769 0.7456521987915039 0.02282608300447464 0.02753627300262451
1 0.10380434989929199 0.782608687877655 0.031521737575531006 0.02898550033569336
2 0.595652163028717 0.5130434632301331 0.04130434989929199 0.05797100067138672
2 0.689673900604248 0.5833333134651184 0.042391300201416016 0.07101452350616455
1 0.5782608985900879 0.36811593174934387 0.032608747482299805 0.060869574546813965
0 0.6206521987915039 0.4217391312122345 0.02826082706451416 0.05797100067138672
2 0.591847836971283 0.44130435585975647 0.04021739959716797 0.053623199462890625
2 0.5260869860649109 0.4159420430660248 0.032608747482299805 0.046376824378967285
0 0.542391300201416 0.5760869383811951 0.0369565486907959 0.053623199462890625
0 0.5673912763595581 0.708695650100708 0.030434727668762207 0.05217385292053223
2 0.522826075553894 0.591304361820221 0.039130449295043945 0.04927539825439453
2 0.11521738767623901 0.7565217614173889 0.02173912525177002 0.02898550033569336
