0 0.09510869532823563 0.25289857387542725 0.029347822070121765 0.0362318754196167
1 0.12445652112364769 0.2543478012084961 0.02282608300447464 0.02753627300262451
1 0.10380434989929199 0.21739131212234497 0.031521737575531006 0.02898550033569336
2 0.595652163028717 0.48695653676986694 0.04130434989929199 0.05797100067138672
2 0.689673900604248 0.4166666865348816 0.042391300201416016 0.07101452350616455
1 0.5782608985900879 0.6318840682506561 0.032608747482299805 0.060869574546813965
0 0.6206521987915039 0.5782608687877655 0.02826082706451416 0.05797100067138672
2 0.591847836971283 0.5586956441402435 0.04021739959716797 0.053623199462890625
2 0.5260869860649109 0.5840579569339752 0.032608747482299805 0.046376824378967285
0 0.542391300201416 0.42391306161880493 0.0369565486907959 0.053623199462890625
0 0.5673912763595581 0.291304349899292 0.030434727668762207 0.05217385292053223
2 0.522826075553894 0.40869563817977905 0.039130449295043945 0.04927539825439453
2 0.11521738767623901 0.24347823858261108 0.02173912525177002 0.02898550033569336
