0 0.904891312122345 0.7471014261245728 0.029347777366638184 0.0362318754196167
1 0.875543475151062 0.7456521987915039 0.022826075553894043 0.02753627300262451
1 0.896195650100708 0.782608687877655 0.03152179718017578 0.02898550033569336
2 0.40434783697128296 0.5130434632301331 0.04130434989929199 0.05797100067138672
2 0.31032609939575195 0.5833333134651184 0.042391300201416016 0.07101452350616455
1 0.4217391014099121 0.36811593174934387 0.032608747482299805 0.060869574546813965
0 0.3793478012084961 0.4217391312122345 0.02826082706451416 0.05797100067138672
2 0.40815216302871704 0.44130435585975647 0.04021739959716797 0.053623199462890625
2 0.4739130139350891 0.4159420430660248 0.032608747482299805 0.046376824378967285
0 0.457608699798584 0.5760869383811951 0.0369565486907959 0.053623199462890625
0 0.4326087236404419 0.708695650100708 0.030434727668762207 0.05217385292053223
2 0.47717392444610596 0.591304361820221 0.039130449295043945 0.04927539825439453
2 0.884782612323761 0.7565217614173889 0.02173912525177002 0.02898550033569336
