2 0.2755434811115265 0.36811593174934387 0.031521737575531006 0.04057973623275757
1 0.332608699798584 0.37246376276016235 0.03260868787765503 0.04347825050354004
1 0.311956524848938 0.4021739065647125 0.034782588481903076 0.04782611131668091
1 0.5445652008056641 0.4420289993286133 0.04130434989929199 0.05507248640060425
2 0.045108696445822716 0.571739137172699 0.044565219432115555 0.04782605171203613
0 0.2141304314136505 0.5036231726408005 0.0260869562625885 0.03333333134651184
0 0.18858695030212402 0.46666666865348816 0.031521737575531006 0.04057973623275757
0 0.15706521272659302 0.4572463631629944 0.025000005960464478 0.039130449295043945
1 0.855434775352478 0.6442028880119324 0.023913025856018066 0.03333330154418945
0 0.426630437374115 0.7992753386497498 0.022826075553894043 0.04492747783660889
