2 0.7244565188884735 0.36811593174934387 0.031521737575531006 0.04057973623275757
1 0.667391300201416 0.37246376276016235 0.032608747482299805 0.04347825050354004
1 0.688043475151062 0.4021739065647125 0.03478264808654785 0.04782611131668091
1 0.45543479919433594 0.4420289993286133 0.04130434989929199 0.05507248640060425
2 0.9548913240432739 0.571739137172699 0.04456520080566406 0.04782605171203613
0 0.7858695685863495 0.5036231726408005 0.02608698606491089 0.03333333134651184
0 0.811413049697876 0.46666666865348816 0.03152179718017578 0.04057973623275757
0 0.842934787273407 0.4572463631629944 0.02499997615814209 0.039130449295043945
1 0.14456522464752197 0.6442028880119324 0.023913025856018066 0.03333330154418945
0 0.573369562625885 0.7992753386497498 0.022826075553894043 0.04492747783660889
