2 0.7942028939723969 0.44021740555763245 0.06666666269302368 0.056521713733673096
2 0.49637681245803833 0.591847836971283 0.11449277400970459 0.07282602787017822
2 0.4007246494293213 0.553260862827301 0.10289859771728516 0.08695650100708008
0 0.5782608687877655 0.5358695387840271 0.0724637508392334 0.06956517696380615
1 0.5166666805744171 0.4222826361656189 0.06231886148452759 0.06413042545318604
2 0.72826087474823 0.596195638179779 0.0681159496307373 0.06413042545318604
2 0.6746376752853394 0.43423911929130554 0.06231886148452759 0.072826087474823
0 0.1355072259902954 0.09293478727340698 0.039130449295043945 0.03804349899291992
0 0.12826085090637207 0.20000001788139343 0.04782605171203613 0.030434787273406982
0 0.11884057521820068 0.15706521272659302 0.04057967662811279 0.022826075553894043
0 0.1413043737411499 0.11847826838493347 0.04782605171203613 0.028260886669158936
0 0.10507243871688843 0.14456522464752197 0.0362318754196167 0.023913025856018066
0 0.7043478190898895 0.971195638179779 0.16521739959716797 0.057608723640441895
