2 0.5597825944423676 0.20579710602760315 0.056521713733673096 0.06666666269302368
2 0.40815216302871704 0.5036231875419617 0.07282602787017822 0.11449277400970459
2 0.446739137172699 0.5992753505706787 0.08695650100708008 0.10289859771728516
0 0.4641304612159729 0.4217391312122345 0.06956517696380615 0.0724637508392334
1 0.5777173638343811 0.4833333194255829 0.06413042545318604 0.06231886148452759
2 0.40380436182022095 0.27173912525177 0.06413042545318604 0.0681159496307373
2 0.5657608807086945 0.32536232471466064 0.072826087474823 0.06231886148452759
0 0.907065212726593 0.8644927740097046 0.03804349899291992 0.039130449295043945
0 0.7999999821186066 0.8717391490936279 0.030434787273406982 0.04782605171203613
0 0.842934787273407 0.8811594247817993 0.022826075553894043 0.04057967662811279
0 0.8815217316150665 0.8586956262588501 0.028260886669158936 0.04782605171203613
0 0.855434775352478 0.8949275612831116 0.023913025856018066 0.0362318754196167
0 0.028804361820220947 0.2956521809101105 0.057608723640441895 0.16521739959716797
