2 0.7690217196941376 0.27898550033569336 0.09891301393508911 0.15507245063781738
2 0.6875 0.5188405960798264 0.0923912525177002 0.1507246196269989
1 0.571195662021637 0.7862318903207779 0.057608723640441895 0.08550724387168884
0 0.8782608807086945 0.769565224647522 0.093478262424469 0.08115941286087036
2 0.8581521511077881 0.6818840503692627 0.08152174949645996 0.1202898621559143
0 0.4722825884819031 0.6536231935024261 0.06847822666168213 0.11014491319656372
0 0.24673914909362793 0.6681159436702728 0.05217385292053223 0.08405798673629761
0 0.2032608985900879 0.6253623068332672 0.04130434989929199 0.0681159496307373
0 0.5374999940395355 0.21956521272659302 0.07717388868331909 0.11449277400970459
0 0.645108699798584 0.16811591386795044 0.07500004768371582 0.11304342746734619
0 0.5554347634315491 0.35144925117492676 0.06304347515106201 0.07101452350616455
0 0.034782588481903076 0.5289855152368546 0.05869567394256592 0.06956520676612854
1 0.3059782385826111 0.9094202890992165 0.042391300201416016 0.03913043439388275
0 0.523369550704956 0.719565212726593 0.03369569778442383 0.053623199462890625
0 0.18369567394256592 0.8260869532823563 0.032608747482299805 0.04347825050354004
0 0.29891306161880493 0.8753623217344284 0.030434727668762207 0.04057970643043518
