2 0.23097826540470123 0.7210144996643066 0.0989130437374115 0.15507245063781738
2 0.3125 0.48115940392017365 0.09239131212234497 0.1507246196269989
1 0.42880433797836304 0.2137681096792221 0.057608723640441895 0.08550724387168884
0 0.12173912301659584 0.23043477535247803 0.0934782549738884 0.08115941286087036
2 0.14184781908988953 0.3181159496307373 0.08152174949645996 0.1202898621559143
0 0.5277173966169357 0.34637680649757385 0.06847825646400452 0.11014491319656372
0 0.7532608509063721 0.3318840563297272 0.05217385292053223 0.08405798673629761
0 0.7967391014099121 0.3746376931667328 0.04130434989929199 0.0681159496307373
0 0.4625000059604645 0.780434787273407 0.07717388868331909 0.11449277400970459
0 0.354891300201416 0.8318840861320496 0.07499998807907104 0.11304342746734619
0 0.44456520676612854 0.6485507488250732 0.06304347515106201 0.07101452350616455
0 0.9652174115180969 0.47101448476314545 0.05869567394256592 0.06956520676612854
1 0.6940217614173889 0.09057971090078354 0.042391300201416016 0.03913043439388275
0 0.47663044929504395 0.280434787273407 0.03369563817977905 0.053623199462890625
0 0.8163043260574341 0.17391304671764374 0.032608747482299805 0.04347825050354004
0 0.7010869383811951 0.1246376782655716 0.030434727668762207 0.04057970643043518
