1 0.946195662021637 0.6123188138008118 0.035869598388671875 0.03333330154418945
1 0.708152174949646 0.604347825050354 0.027173876762390137 0.03478264808654785
1 0.6625000238418579 0.37681159377098083 0.020652174949645996 0.034782588481903076
1 0.6298912763595581 0.15724638104438782 0.03369569778442383 0.03333333134651184
1 0.47173914313316345 0.2500000074505806 0.023913025856018066 0.033333346247673035
1 0.4326086938381195 0.2818840444087982 0.023913025856018066 0.030434787273406982
1 0.654891312122345 0.6318840384483337 0.027173876762390137 0.03478264808654785
0 0.834782600402832 0.208695650100708 0.02173912525177002 0.02898550033569336
1 0.488586962223053 0.2818840444087982 0.01847827434539795 0.03333336114883423
0 0.9853261113166809 0.6702898740768433 0.029347777366638184 0.039130449295043945
