1 0.05380433797836304 0.38768118619918823 0.035869598388671875 0.03333330154418945
1 0.291847825050354 0.395652174949646 0.027173876762390137 0.03478264808654785
1 0.3374999761581421 0.6231884062290192 0.020652174949645996 0.034782588481903076
1 0.3701087236404419 0.8427536189556122 0.03369569778442383 0.03333333134651184
1 0.5282608568668365 0.7499999925494194 0.023913025856018066 0.033333346247673035
1 0.5673913061618805 0.7181159555912018 0.023913025856018066 0.030434787273406982
1 0.34510868787765503 0.36811596155166626 0.027173876762390137 0.03478264808654785
0 0.16521739959716797 0.791304349899292 0.02173912525177002 0.02898550033569336
1 0.511413037776947 0.7181159555912018 0.01847827434539795 0.03333336114883423
0 0.014673888683319092 0.32971012592315674 0.029347777366638184 0.039130449295043945
