0 0.447282612323761 0.665217399597168 0.05543482303619385 0.08115941286087036
0 0.3684782385826111 0.5804347693920135 0.05652177333831787 0.07971012592315674
2 0.5374999940395355 0.3695651888847351 0.07065218687057495 0.11304342746734619
0 0.4010869860649109 0.36666667461395264 0.054347872734069824 0.07826089859008789
0 0.363586962223053 0.49202901124954224 0.06413042545318604 0.0681159496307373
1 0.6532608568668365 0.48043476045131683 0.07391303777694702 0.07391306757926941
2 0.613043487071991 0.373913049697876 0.054347872734069824 0.09855067729949951
0 0.614673912525177 0.4384058117866516 0.0532609224319458 0.06231880187988281
1 0.667391300201416 0.676086962223053 0.06521737575531006 0.07971012592315674
1 0.7652173936367035 0.7492753565311432 0.056521713733673096 0.05797100067138672
1 0.7554347813129425 0.6992753744125366 0.07173913717269897 0.056521713733673096
1 0.6722826063632965 0.5876811742782593 0.05543476343154907 0.06231886148452759
0 0.36304348707199097 0.4384058117866516 0.06521737575531006 0.0681159496307373
1 0.45923912525177 0.7268115878105164 0.0510869026184082 0.053623199462890625
