2 0.40362316370010376 0.16576087474822998 0.12898552417755127 0.13804352283477783
2 0.2565217614173889 0.438043475151062 0.14202892780303955 0.09782612323760986
2 0.2760869860649109 0.282065212726593 0.15797102451324463 0.0923912525177002
2 0.6384057998657227 0.6413043439388275 0.09710144996643066 0.11086958646774292
2 0.8144927471876144 0.624456524848938 0.09565216302871704 0.09673905372619629
1 0.7159420251846313 0.48206520080566406 0.1246376633644104 0.1206521987915039
2 0.552173912525177 0.863586962223053 0.05797100067138672 0.04456520080566406
0 0.7659420296549797 0.6739130318164825 0.05362318456172943 0.05434781312942505
1 0.7702898532152176 0.25271737575531006 0.12898549437522888 0.10760867595672607
2 0.645652174949646 0.11413043737411499 0.1405797004699707 0.145652174949646
2 0.6913043558597565 0.9728260934352875 0.06666666269302368 0.05434781312942505
0 0.8782608769834042 0.5668478310108185 0.08985506743192673 0.04891306161880493
