2 0.16576087474822998 0.5963768362998962 0.13804352283477783 0.12898552417755127
2 0.438043475151062 0.7434782385826111 0.09782612323760986 0.14202892780303955
2 0.282065212726593 0.7239130139350891 0.0923912525177002 0.15797102451324463
2 0.6413043439388275 0.36159420013427734 0.11086958646774292 0.09710144996643066
2 0.624456524848938 0.18550725281238556 0.09673905372619629 0.09565216302871704
1 0.48206520080566406 0.28405797481536865 0.1206521987915039 0.1246376633644104
2 0.863586962223053 0.447826087474823 0.04456520080566406 0.05797100067138672
0 0.6739130318164825 0.2340579703450203 0.05434781312942505 0.05362318456172943
1 0.25271737575531006 0.2297101467847824 0.10760867595672607 0.12898549437522888
2 0.11413043737411499 0.354347825050354 0.145652174949646 0.1405797004699707
2 0.9728260934352875 0.30869564414024353 0.05434781312942505 0.06666666269302368
0 0.5668478310108185 0.12173912301659584 0.04891306161880493 0.08985506743192673
