2 0.5141304433345795 0.604347825050354 0.093478262424469 0.12753629684448242
2 0.41521739959716797 0.5420289635658264 0.0739130973815918 0.10724639892578125
1 0.0255434513092041 0.3789854943752289 0.0510869026184082 0.0884057879447937
1 0.635869562625885 0.5768116116523743 0.0673912763595581 0.08695650100708008
2 0.601630449295044 0.41304346919059753 0.06413042545318604 0.06666666269302368
2 0.6603260934352875 0.5050724744796753 0.07065218687057495 0.0681159496307373
0 0.5277174115180969 0.27173912525177 0.020652174949645996 0.039130449295043945
0 0.544021725654602 0.2565217390656471 0.020652174949645996 0.040579721331596375
0 0.6081521809101105 0.14202898368239403 0.02934783697128296 0.043478257954120636
0 0.782608687877655 0.04927536100149155 0.019565224647521973 0.03188405930995941
2 0.5070651769638062 0.34202897548675537 0.042391300201416016 0.034782588481903076
