2 0.5141304433345795 0.395652174949646 0.093478262424469 0.12753629684448242
2 0.41521739959716797 0.4579710364341736 0.0739130973815918 0.10724639892578125
1 0.0255434513092041 0.6210145056247711 0.0510869026184082 0.0884057879447937
1 0.635869562625885 0.42318838834762573 0.0673912763595581 0.08695650100708008
2 0.601630449295044 0.5869565308094025 0.06413042545318604 0.06666666269302368
2 0.6603260934352875 0.4949275255203247 0.07065218687057495 0.0681159496307373
0 0.5277173817157745 0.72826087474823 0.020652174949645996 0.039130449295043945
0 0.544021725654602 0.7434782609343529 0.020652174949645996 0.040579721331596375
0 0.6081521809101105 0.857971016317606 0.02934783697128296 0.043478257954120636
0 0.7826087027788162 0.9507246389985085 0.019565224647521973 0.03188405930995941
2 0.5070651918649673 0.6579710245132446 0.0423913300037384 0.034782588481903076
