2 0.5119564831256866 0.507971003651619 0.07608693838119507 0.08840581774711609
0 0.573913037776947 0.49637681245803833 0.05869567394256592 0.11159420013427734
1 0.645108699798584 0.6913043260574341 0.048913002014160156 0.08115947246551514
2 0.8494565188884735 0.18840579688549042 0.05108696222305298 0.057971030473709106
2 0.70923912525177 0.14130434393882751 0.03804349899291992 0.05652174353599548
2 0.6831521689891815 0.0992753654718399 0.0358695387840271 0.05942028760910034
2 0.4750000238418579 0.3028985559940338 0.04130434989929199 0.04057973623275757
2 0.896195650100708 0.539130449295044 0.04673910140991211 0.04927539825439453
0 0.05108696222305298 0.8398550748825073 0.02826082706451416 0.02753627300262451
0 0.0777173638343811 0.8152173757553101 0.02499997615814209 0.03333330154418945
