2 0.48804350197315216 0.507971003651619 0.07608696818351746 0.08840581774711609
0 0.426086962223053 0.49637681245803833 0.05869567394256592 0.11159420013427734
1 0.354891300201416 0.6913043260574341 0.04891306161880493 0.08115947246551514
2 0.1505434811115265 0.18840579688549042 0.05108696222305298 0.057971030473709106
2 0.29076087474823 0.14130434393882751 0.03804349899291992 0.05652174353599548
2 0.3168478310108185 0.0992753654718399 0.0358695387840271 0.05942028760910034
2 0.5249999761581421 0.3028985559940338 0.04130434989929199 0.04057973623275757
2 0.10380434989929199 0.539130449295044 0.0467391312122345 0.04927539825439453
0 0.948913037776947 0.8398550748825073 0.02826082706451416 0.02753627300262451
0 0.9222826361656189 0.8152173757553101 0.02499997615814209 0.03333330154418945
