2 0.507971003651619 0.5119564980268478 0.08840581774711609 0.07608696818351746
0 0.49637681245803833 0.573913037776947 0.11159420013427734 0.05869567394256592
1 0.6913043260574341 0.645108699798584 0.08115947246551514 0.04891306161880493
2 0.18840579688549042 0.8494565188884735 0.057971030473709106 0.05108696222305298
2 0.14130434393882751 0.70923912525177 0.05652174353599548 0.03804349899291992
2 0.0992753654718399 0.6831521689891815 0.05942028760910034 0.0358695387840271
2 0.3028985559940338 0.4750000238418579 0.04057973623275757 0.04130434989929199
2 0.539130449295044 0.896195650100708 0.04927539825439453 0.0467391312122345
0 0.8398550748825073 0.05108696222305298 0.02753627300262451 0.02826082706451416
0 0.8152173757553101 0.0777173638343811 0.03333330154418945 0.02499997615814209
