2 0.8062865734100342 0.5487329214811325 0.06578946113586426 0.10721245408058167
2 0.6491228342056274 0.9005848169326782 0.09064328670501709 0.15594542026519775
1 0.26169589161872864 0.08966861292719841 0.06725144386291504 0.08966860920190811
0 0.3391812741756439 0.09064326994121075 0.05555558204650879 0.07212475314736366
2 0.10891813039779663 0.6734892725944519 0.09210526943206787 0.13060426712036133
1 0.10818712785840034 0.33625730872154236 0.07017543166875839 0.09161794185638428
2 0.5621345043182373 0.44054579734802246 0.07163739204406738 0.0896686315536499
1 0.21198830008506775 0.7046783566474915 0.07309940457344055 0.11500978469848633
0 0.0935672502964735 0.4434697926044464 0.06432748213410378 0.083820641040802
1 0.5307017415761948 0.8128654956817627 0.07309940457344055 0.1403508186340332
2 0.7024853825569153 0.6569200754165649 0.07456135749816895 0.1247563362121582
1 0.8779239654541016 0.7368420958518982 0.07748532295227051 0.10916173458099365
1 0.6885964870452881 0.08966861665248871 0.06432747840881348 0.09356725215911865
0 0.28070175647735596 0.6384015679359436 0.05555558204650879 0.09551656246185303
1 0.7733917832374573 0.9005848169326782 0.06725144386291504 0.1091618537902832
0 0.19956140220165253 0.19005848467350006 0.0628654956817627 0.09161794185638428
1 0.07163742929697037 0.8216374516487122 0.07017543911933899 0.10331380367279053
1 0.2368421107530594 0.3957115113735199 0.07017543911933899 0.0896686315536499
0 0.2090643346309662 0.8976607918739319 0.061403512954711914 0.09161794185638428
0 0.10745614022016525 0.5760233998298645 0.06871344149112701 0.09161794185638428
2 0.7814327478408813 0.15497076511383057 0.0628654956817627 0.09551656246185303
1 0.8362573385238647 0.8528265357017517 0.06432747840881348 0.10331380367279053
0 0.3719951808452606 0.7323718070983887 0.05649036169052124 0.08333337306976318
1 0.041304344311356544 0.658695638179779 0.06521738693118095 0.09130430221557617
2 0.7423912882804871 0.21086956560611725 0.06956517696380615 0.09999999403953552
2 0.873913049697876 0.228985495865345 0.06304347515106201 0.11304347217082977
1 0.8125 0.08405797183513641 0.057608723640441895 0.08985507488250732
0 0.14130434021353722 0.4681159555912018 0.043478257954120636 0.06956523656845093
0 0.249456524848938 0.20724637806415558 0.04456520080566406 0.06956520676612854
0 0.8586956262588501 0.036231882870197296 0.05217385292053223 0.07246376574039459
