2 0.8062865497076025 0.5487329434697855 0.06578947368421047 0.10721247563352844
2 0.6491228070175439 0.9005847953216375 0.09064327485380126 0.15594541910331386
1 0.26169590643274854 0.08966861598440545 0.06725146198830412 0.08966861598440545
0 0.33918128654970764 0.09064327485380116 0.05555555555555557 0.07212475633528265
2 0.10891812865497075 0.6734892787524367 0.09210526315789475 0.13060428849902556
1 0.10818713450292393 0.3362573099415205 0.07017543859649114 0.091617933723197
2 0.5621345029239767 0.44054580896686146 0.07163742690058485 0.08966861598440529
1 0.21198830409356723 0.7046783625730996 0.07309941520467841 0.11500974658869416
0 0.09356725146198826 0.44346978557504874 0.0643274853801169 0.08382066276803124
1 0.5307017543859649 0.8128654970760233 0.07309941520467828 0.14035087719298225
2 0.702485380116959 0.6569200779727095 0.07456140350877191 0.12475633528265107
1 0.8779239766081871 0.7368421052631579 0.07748538011695899 0.10916179337231967
1 0.68859649122807 0.08966861598440545 0.06432748538011619 0.09356725146198834
0 0.28070175438596495 0.638401559454191 0.05555555555555554 0.0955165692007796
1 0.7733918128654971 0.9005847953216373 0.06725146198830402 0.10916179337231967
0 0.1995614035087719 0.19005847953216373 0.06286549707602336 0.09161793372319688
1 0.07163742690058479 0.8216374269005848 0.07017543859649122 0.10331384015594551
1 0.236842105263158 0.39571150097465874 0.0701754385964913 0.08966861598440523
0 0.2090643274853801 0.8976608187134503 0.06140350877192983 0.09161793372319678
0 0.1074561403508772 0.5760233918128655 0.06871345029239766 0.09161793372319699
2 0.7814327485380116 0.15497076023391812 0.062865497076023 0.09551656920077974
1 0.8362573099415204 0.8528265107212476 0.06432748538011707 0.10331384015594551
0 0.3719951923076923 0.7323717948717949 0.05649038461538454 0.08333333333333343
1 0.041304347826086954 0.6586956521739131 0.06521739130434782 0.09130434782608696
2 0.7423913043478261 0.21086956521739128 0.06956521739130438 0.1
2 0.8739130434782609 0.22898550724637678 0.06304347826086953 0.11304347826086956
1 0.8125 0.08405797101449275 0.05760869565217391 0.0898550724637681
0 0.141304347826087 0.4681159420289853 0.043478260869565154 0.06956521739130418
0 0.24945652173913038 0.20724637681159422 0.04456521739130434 0.06956521739130438
0 0.8586956521739131 0.03623188405797101 0.05217391304347828 0.07246376811594203
