2 0.5487329214811325 0.19371342658996582 0.10721245408058167 0.06578946113586426
2 0.9005848169326782 0.35087716579437256 0.15594542026519775 0.09064328670501709
1 0.08966861292719841 0.7383041381835938 0.08966860920190811 0.06725144386291504
0 0.09064326994121075 0.6608186960220337 0.07212475314736366 0.05555558204650879
2 0.6734892725944519 0.8910818696022034 0.13060426712036133 0.09210526943206787
1 0.33625730872154236 0.8918128609657288 0.09161794185638428 0.0701754093170166
2 0.44054579734802246 0.4378654956817627 0.0896686315536499 0.07163739204406738
1 0.7046783566474915 0.7880116999149323 0.11500978469848633 0.07309943437576294
0 0.4434697926044464 0.9064327478408813 0.083820641040802 0.06432747840881348
1 0.8128654956817627 0.46929824352264404 0.1403508186340332 0.07309937477111816
2 0.6569200754165649 0.2975146174430847 0.1247563362121582 0.07456135749816895
1 0.7368420958518982 0.12207603454589844 0.10916173458099365 0.07748532295227051
1 0.08966861665248871 0.3114035129547119 0.09356725215911865 0.06432747840881348
0 0.6384015679359436 0.719298243522644 0.09551656246185303 0.05555558204650879
1 0.9005848169326782 0.22660821676254272 0.1091618537902832 0.06725144386291504
0 0.19005848467350006 0.8004385828971863 0.09161794185638428 0.0628654956817627
1 0.8216374516487122 0.9283625781536102 0.10331380367279053 0.07017546892166138
1 0.3957115113735199 0.7631578743457794 0.0896686315536499 0.07017546892166138
0 0.8976607918739319 0.7909356355667114 0.09161794185638428 0.061403512954711914
0 0.5760233998298645 0.8925438523292542 0.09161794185638428 0.06871342658996582
2 0.15497076511383057 0.21856725215911865 0.09551656246185303 0.0628654956817627
1 0.8528265357017517 0.16374266147613525 0.10331380367279053 0.06432747840881348
0 0.7323718070983887 0.6280048191547394 0.08333337306976318 0.05649036169052124
1 0.658695638179779 0.958695650100708 0.09130430221557617 0.06521737575531006
2 0.21086956560611725 0.25760871171951294 0.09999999403953552 0.06956517696380615
2 0.228985495865345 0.12608695030212402 0.11304347217082977 0.06304347515106201
1 0.08405797183513641 0.1875 0.08985507488250732 0.057608723640441895
0 0.4681159555912018 0.8586956560611725 0.06956523656845093 0.043478310108184814
0 0.20724637806415558 0.750543475151062 0.06956520676612854 0.04456520080566406
0 0.036231882870197296 0.1413043737411499 0.07246376574039459 0.05217385292053223
