2 0.5487329214811325 0.8062865734100342 0.10721245408058167 0.06578946113586426
2 0.9005848169326782 0.6491228342056274 0.15594542026519775 0.09064328670501709
1 0.08966861292719841 0.26169586181640625 0.08966860920190811 0.06725144386291504
0 0.09064326994121075 0.3391813039779663 0.07212475314736366 0.05555558204650879
2 0.6734892725944519 0.10891813039779663 0.13060426712036133 0.09210526943206787
1 0.33625730872154236 0.10818713903427124 0.09161794185638428 0.0701754093170166
2 0.44054579734802246 0.5621345043182373 0.0896686315536499 0.07163739204406738
1 0.7046783566474915 0.21198830008506775 0.11500978469848633 0.07309943437576294
0 0.4434697926044464 0.09356725215911865 0.083820641040802 0.06432747840881348
1 0.8128654956817627 0.530701756477356 0.1403508186340332 0.07309937477111816
2 0.6569200754165649 0.7024853825569153 0.1247563362121582 0.07456135749816895
1 0.7368420958518982 0.8779239654541016 0.10916173458099365 0.07748532295227051
1 0.08966861665248871 0.6885964870452881 0.09356725215911865 0.06432747840881348
0 0.6384015679359436 0.28070175647735596 0.09551656246185303 0.05555558204650879
1 0.9005848169326782 0.7733917832374573 0.1091618537902832 0.06725144386291504
0 0.19005848467350006 0.19956141710281372 0.09161794185638428 0.0628654956817627
1 0.8216374516487122 0.07163742184638977 0.10331380367279053 0.07017546892166138
1 0.3957115113735199 0.23684212565422058 0.0896686315536499 0.07017546892166138
0 0.8976607918739319 0.20906436443328857 0.09161794185638428 0.061403512954711914
0 0.5760233998298645 0.10745614767074585 0.09161794185638428 0.06871342658996582
2 0.15497076511383057 0.7814327478408813 0.09551656246185303 0.0628654956817627
1 0.8528265357017517 0.8362573385238647 0.10331380367279053 0.06432747840881348
0 0.7323718070983887 0.3719951808452606 0.08333337306976318 0.05649036169052124
1 0.658695638179779 0.04130434989929199 0.09130430221557617 0.06521737575531006
2 0.21086956560611725 0.7423912882804871 0.09999999403953552 0.06956517696380615
2 0.228985495865345 0.873913049697876 0.11304347217082977 0.06304347515106201
1 0.08405797183513641 0.8125 0.08985507488250732 0.057608723640441895
0 0.4681159555912018 0.14130434393882751 0.06956523656845093 0.043478310108184814
0 0.20724637806415558 0.249456524848938 0.06956520676612854 0.04456520080566406
0 0.036231882870197296 0.8586956262588501 0.07246376574039459 0.05217385292053223
