1 0.1673913043478261 0.6355072463768117 0.1673913043478261 0.2072463768115941
2 0.6478260869565219 0.24420289855072455 0.16739130434782645 0.253623188405797
1 0.5027173913043478 0.37028985507246376 0.15108695652173915 0.19565217391304343
2 0.35163043478260875 0.565217391304348 0.1836956521739131 0.34492753623188416
1 0.6706521739130434 0.5891304347826086 0.13913043478260875 0.2594202898550724
1 0.7695652173913043 0.44637681159420295 0.13043478260869562 0.16521739130434787
1 0.6244565217391304 0.4623188405797102 0.12717391304347822 0.17971014492753618
2 0.48369565217391247 0.5594202898550721 0.1565217391304343 0.27536231884057905
2 0.2614130434782609 0.7572463768115943 0.17282608695652177 0.27681159420289847
1 0.7304347826086961 0.17463768115942038 0.10869565217391253 0.16956521739130445
1 0.06630434782608695 0.22246376811594204 0.11304347826086955 0.14057971014492754
