1 0.832608699798584 0.3644927740097046 0.16739130020141602 0.20724642276763916
2 0.35217392444610596 0.7557971104979515 0.16739130020141602 0.2536231726408005
1 0.49728262424468994 0.6297101378440857 0.1510869264602661 0.19565218687057495
2 0.648369550704956 0.43478262424468994 0.18369567394256592 0.3449275493621826
1 0.3293478488922119 0.4108695387840271 0.13913047313690186 0.2594202756881714
1 0.23043477535247803 0.5536231994628906 0.13043475151062012 0.16521739959716797
1 0.375543475151062 0.5376811623573303 0.12717390060424805 0.17971014976501465
2 0.5163043439388275 0.44057969748973846 0.156521737575531 0.2753623425960541
2 0.738586962223053 0.24275362491607666 0.17282605171203613 0.2768115997314453
1 0.269565224647522 0.8253623284399509 0.1086956262588501 0.16956520825624466
1 0.9336956441402435 0.7775362282991409 0.11304348707199097 0.1405797302722931
