2 0.5760869681835175 0.5014492869377136 0.06739133596420288 0.10724639892578125
2 0.2244565486907959 0.42463767528533936 0.08586955070495605 0.10724639892578125
0 0.40434783697128296 0.22826087474822998 0.04782605171203613 0.07681161165237427
0 0.36304348707199097 0.11159420385956764 0.05217397212982178 0.08405797928571701
0 0.3385869860649109 0.7528985738754272 0.07065212726593018 0.06521737575531006
2 0.1293478012084961 0.7260869741439819 0.045652151107788086 0.06376814842224121
1 0.10760867595672607 0.8449275493621826 0.05652177333831787 0.06956517696380615
0 0.32010871171951294 0.35652172565460205 0.04673910140991211 0.060869574546813965
2 0.17445653676986694 0.4050724506378174 0.06847822666168213 0.09130436182022095
0 0.3374999761581421 0.5369565486907959 0.0532609224319458 0.07971012592315674
0 0.41467392444610596 0.6789855360984802 0.0532609224319458 0.05942034721374512
0 0.48641306161880493 0.8188405632972717 0.0532609224319458 0.07536232471466064
0 0.41902172565460205 0.747826099395752 0.0532609224319458 0.06376814842224121
2 0.16304349899291992 0.5833333134651184 0.045652151107788086 0.04782605171203613
2 0.3059782385826111 0.5224637240171432 0.07934784889221191 0.09130433201789856
2 0.17989128828048706 0.854347825050354 0.048913002014160156 0.07681155204772949
0 0.023369550704956055 0.7507246136665344 0.042391300201416016 0.04347825050354004
0 0.7016304433345795 0.8644927740097046 0.053260862827301025 0.0681159496307373
