1 0.47010868787765503 0.7695652171969414 0.03804349899291992 0.040579721331596375
2 0.5385869741439819 0.7050724625587463 0.035869598388671875 0.04782611131668091
2 0.6695652008056641 0.7050724625587463 0.02826082706451416 0.042028963565826416
1 0.904347836971283 0.8181159347295761 0.039130449295043945 0.03333333134651184
1 0.8722826242446899 0.7536231800913811 0.03152179718017578 0.040579721331596375
1 0.9842391014099121 0.6768116056919098 0.03152179718017578 0.046376824378967285
1 0.874456524848938 0.6826086938381195 0.03152179718017578 0.03768116235733032
1 0.5701087117195129 0.7673913091421127 0.035869598388671875 0.042028993368148804
2 0.511956512928009 0.7768115997314453 0.023913025856018066 0.034782618284225464
0 0.41956523060798645 0.376086950302124 0.02608698606491089 0.039130449295043945
0 0.7043478488922119 0.8492753654718399 0.02173912525177002 0.03188404440879822
0 0.8402174115180969 0.6500000059604645 0.023913025856018066 0.030434787273406982
0 0.710326075553894 0.760869562625885 0.027173876762390137 0.02898550033569336
0 0.7217391133308411 0.7992753684520721 0.026086926460266113 0.0362318754196167
0 0.761956512928009 0.832608699798584 0.026086926460266113 0.0362318754196167
0 0.748913049697876 0.7869565188884735 0.023913025856018066 0.02898550033569336
0 0.9510869383811951 0.6905797123908997 0.030434727668762207 0.03333336114883423
