1 0.47010868787765503 0.23043478280305862 0.03804349899291992 0.040579721331596375
2 0.5385869741439819 0.29492753744125366 0.035869598388671875 0.04782611131668091
2 0.6695652008056641 0.29492753744125366 0.02826082706451416 0.042028963565826416
1 0.904347836971283 0.1818840652704239 0.039130449295043945 0.03333333134651184
1 0.8722826242446899 0.24637681990861893 0.03152179718017578 0.040579721331596375
1 0.9842391014099121 0.3231883943080902 0.03152179718017578 0.046376824378967285
1 0.874456524848938 0.3173913061618805 0.03152179718017578 0.03768116235733032
1 0.5701087117195129 0.23260869085788727 0.035869598388671875 0.042028993368148804
2 0.511956512928009 0.2231884002685547 0.023913025856018066 0.034782618284225464
0 0.41956523060798645 0.623913049697876 0.02608698606491089 0.039130449295043945
0 0.7043478488922119 0.1507246345281601 0.02173912525177002 0.03188404440879822
0 0.8402174115180969 0.3499999940395355 0.023913025856018066 0.030434787273406982
0 0.710326075553894 0.239130437374115 0.027173876762390137 0.02898550033569336
0 0.7217391133308411 0.20072463154792786 0.026086926460266113 0.0362318754196167
0 0.761956512928009 0.16739130020141602 0.026086926460266113 0.0362318754196167
0 0.748913049697876 0.2130434811115265 0.023913025856018066 0.02898550033569336
0 0.9510869383811951 0.30942028760910034 0.030434727668762207 0.03333336114883423
