2 0.8701087236404419 0.4623188376426697 0.027173876762390137 0.049275338649749756
2 0.729891300201416 0.2978260815143585 0.03369569778442383 0.0362318754196167
1 0.7576087117195129 0.18913044035434723 0.02173912525177002 0.03333333134651184
1 0.6940217614173889 0.22826087474822998 0.029347777366638184 0.039130449295043945
0 0.7777174115180969 0.4572463631629944 0.020652174949645996 0.042028963565826416
1 0.820652186870575 0.4594202935695648 0.023913025856018066 0.049275338649749756
1 0.7961956262588501 0.7847825884819031 0.03152179718017578 0.04782605171203613
0 0.8152173757553101 0.7797101736068726 0.030434727668762207 0.03768110275268555
0 0.804347813129425 0.8507246375083923 0.026086926460266113 0.031884074211120605
0 0.779347836971283 0.8079710006713867 0.023913025856018066 0.04202902317047119
0 0.6000000238418579 0.41521739959716797 0.019565224647521973 0.039130449295043945
2 0.6402173638343811 0.21739129722118378 0.02173912525177002 0.04057970643043518
0 0.5652173757553101 0.458695650100708 0.032608747482299805 0.03333336114883423
0 0.8483695387840271 0.43405798077583313 0.029347777366638184 0.042028963565826416
0 0.841304361820221 0.469565212726593 0.026086926460266113 0.03768116235733032
