2 0.8701087236404419 0.5376811623573303 0.027173876762390137 0.049275338649749756
2 0.729891300201416 0.7021739184856415 0.03369569778442383 0.0362318754196167
1 0.7576087117195129 0.8108695596456528 0.02173912525177002 0.03333333134651184
1 0.6940217614173889 0.77173912525177 0.029347777366638184 0.039130449295043945
0 0.7777174115180969 0.5427536368370056 0.020652174949645996 0.042028963565826416
1 0.820652186870575 0.5405797064304352 0.023913025856018066 0.049275338649749756
1 0.7961956262588501 0.21521741151809692 0.03152179718017578 0.04782605171203613
0 0.8152173757553101 0.22028982639312744 0.030434727668762207 0.03768110275268555
0 0.804347813129425 0.14927536249160767 0.026086926460266113 0.031884074211120605
0 0.779347836971283 0.19202899932861328 0.023913025856018066 0.04202902317047119
0 0.6000000238418579 0.584782600402832 0.019565224647521973 0.039130449295043945
2 0.6402173638343811 0.7826087027788162 0.02173912525177002 0.04057970643043518
0 0.5652173757553101 0.541304349899292 0.032608747482299805 0.03333336114883423
0 0.8483695387840271 0.5659420192241669 0.029347777366638184 0.042028963565826416
0 0.841304361820221 0.530434787273407 0.026086926460266113 0.03768116235733032
