2 0.47228261828422546 0.5963768362998962 0.04021739959716797 0.06521737575531006
2 0.4527173936367035 0.7101449370384216 0.04021739959716797 0.046376824378967285
0 0.41358694434165955 0.7130434513092041 0.03804349899291992 0.04347825050354004
1 0.5586956739425659 0.7833333611488342 0.032608747482299805 0.06521737575531006
0 0.3288043439388275 0.4949275106191635 0.02499997615814209 0.03333333134651184
0 0.8891304135322571 0.7775362133979797 0.03478264808654785 0.06231880187988281
0 0.9630434513092041 0.7615941762924194 0.03478264808654785 0.05942034721374512
0 0.9516304135322571 0.8376811742782593 0.03152167797088623 0.05217385292053223
1 0.4434782564640045 0.5855072736740112 0.034782588481903076 0.05217385292053223
0 0.614673912525177 0.06666667014360428 0.03804349899291992 0.04057970643043518
0 0.45923912525177 0.0507246358320117 0.02934783697128296 0.043478259816765785
