2 0.4309782608695653 0.26304347826086955 0.12065217391304345 0.16086956521739132
0 0.6782608695652175 0.10507246376811594 0.06304347826086967 0.07971014492753623
0 0.6375 0.058695652173913045 0.06630434782608695 0.07681159420289857
2 0.4858695652173913 0.6971014492753623 0.12391304347826086 0.16521739130434782
2 0.4277173913043478 0.8007246376811594 0.09673913043478265 0.17246376811594202
1 0.586413043478261 0.7471014492753622 0.10543478260869563 0.1550724637681158
1 0.5755434782608695 0.6376811594202902 0.10760869565217385 0.12173913043478263
0 0.24673913043478268 0.5550724637681157 0.06739130434782595 0.10434782608695653
0 0.18532608695652172 0.6028985507246374 0.07282608695652179 0.10434782608695653
0 0.13478260869565217 0.6956521739130435 0.06521739130434784 0.08405797101449267
1 0.8521739130434781 0.9297101449275362 0.08260869565217391 0.12608695652173907
1 0.4260869565217391 0.6246376811594203 0.08695652173913046 0.12173913043478252
1 0.8 0.7485507246376812 0.1 0.12318840579710141
1 0.9695652173913044 0.931159420289855 0.06086956521739126 0.10289855072463766
