2 0.5690217018127441 0.26304348558187485 0.1206521987915039 0.1608695536851883
0 0.321739137172699 0.10507246106863022 0.06304347515106201 0.07971014082431793
0 0.36250001192092896 0.05869565159082413 0.06630432605743408 0.07681159675121307
2 0.5141304731369019 0.6971014738082886 0.12391304969787598 0.16521739959716797
2 0.572282612323761 0.8007246255874634 0.09673917293548584 0.1724637746810913
1 0.41358697414398193 0.7471014261245728 0.10543477535247803 0.15507245063781738
1 0.42445653676986694 0.6376811861991882 0.10760867595672607 0.12173914909362793
0 0.7532608807086945 0.5550724864006042 0.06739133596420288 0.104347825050354
0 0.8146739304065704 0.6028985381126404 0.072826087474823 0.104347825050354
0 0.865217387676239 0.695652186870575 0.06521737575531006 0.08405792713165283
1 0.14782607555389404 0.9297101497650146 0.08260869979858398 0.12608695030212402
1 0.573913037776947 0.6246376633644104 0.08695650100708008 0.12173914909362793
1 0.19999998807907104 0.7485507130622864 0.10000002384185791 0.12318837642669678
1 0.030434787273406982 0.9311594367027283 0.060869574546813965 0.10289859771728516
