2 0.43097826838493347 0.26304348558187485 0.1206521987915039 0.1608695536851883
0 0.678260862827301 0.10507246106863022 0.06304347515106201 0.07971014082431793
0 0.637499988079071 0.05869565159082413 0.06630432605743408 0.07681159675121307
2 0.48586954176425934 0.6971014738082886 0.12391301989555359 0.16521739959716797
2 0.427717387676239 0.8007246255874634 0.09673911333084106 0.1724637746810913
1 0.5864130258560181 0.7471014261245728 0.10543477535247803 0.15507245063781738
1 0.5755434632301331 0.6376811861991882 0.10760867595672607 0.12173914909362793
0 0.24673913419246674 0.5550724864006042 0.0673913061618805 0.104347825050354
0 0.18532608449459076 0.6028985381126404 0.072826087474823 0.104347825050354
0 0.1347826085984707 0.695652186870575 0.06521738320589066 0.08405792713165283
1 0.852173924446106 0.9297101497650146 0.08260869979858398 0.12608695030212402
1 0.426086962223053 0.6246376633644104 0.08695650100708008 0.12173914909362793
1 0.800000011920929 0.7485507130622864 0.10000002384185791 0.12318837642669678
1 0.969565212726593 0.9311594367027283 0.060869574546813965 0.10289859771728516
