2 0.2548912987112999 0.6811594367027283 0.07717390358448029 0.12173914909362793
2 0.657608687877655 0.5615941882133484 0.09130430221557617 0.12028980255126953
2 0.7130434513092041 0.5246376991271973 0.08913040161132812 0.08985507488250732
1 0.9728260636329651 0.4847826063632965 0.04130434989929199 0.04492753744125366
0 0.9342391490936279 0.8666666746139526 0.0532609224319458 0.05217385292053223
0 0.8065217137336731 0.856521725654602 0.054347872734069824 0.07826089859008789
2 0.5668478012084961 0.6695652008056641 0.0923912525177002 0.12753629684448242
0 0.532065212726593 0.6985507011413574 0.06630432605743408 0.08985507488250732
0 0.16847826540470123 0.7565217614173889 0.05434781312942505 0.060869574546813965
0 0.42880433797836304 0.8891304135322571 0.05543476343154907 0.0739130973815918
0 0.5157608985900879 0.9615942239761353 0.07934784889221191 0.06521737575531006
0 0.6717391014099121 0.42391303181648254 0.05217385292053223 0.05072462558746338
0 0.550000011920929 0.4898550808429718 0.04999995231628418 0.06666666269302368
0 0.498913049697876 0.20724637806415558 0.05869567394256592 0.08695653080940247
0 0.4429347813129425 0.35652172565460205 0.04891306161880493 0.0724637508392334
0 0.667391300201416 0.19565217196941376 0.032608747482299805 0.02898550033569336
0 0.43097826838493347 0.9630434513092041 0.05760866403579712 0.0739130973815918
2 0.789673924446106 0.6666666865348816 0.03804349899291992 0.05217397212982178
2 0.7576087117195129 0.9724637866020203 0.05217397212982178 0.05507242679595947
