2 0.7451086938381195 0.6811594367027283 0.07717388868331909 0.12173914909362793
2 0.34239131212234497 0.5615941882133484 0.09130430221557617 0.12028980255126953
2 0.2869565486907959 0.5246376991271973 0.08913040161132812 0.08985507488250732
1 0.027173936367034912 0.4847826063632965 0.04130434989929199 0.04492753744125366
0 0.06576085090637207 0.8666666746139526 0.0532609224319458 0.05217385292053223
0 0.1934782862663269 0.856521725654602 0.054347872734069824 0.07826089859008789
2 0.4331521987915039 0.6695652008056641 0.0923912525177002 0.12753629684448242
0 0.467934787273407 0.6985507011413574 0.06630432605743408 0.08985507488250732
0 0.8315217196941376 0.7565217614173889 0.05434781312942505 0.060869574546813965
0 0.571195662021637 0.8891304135322571 0.05543482303619385 0.0739130973815918
0 0.4842391014099121 0.9615942239761353 0.07934784889221191 0.06521737575531006
0 0.3282608985900879 0.42391303181648254 0.05217385292053223 0.05072462558746338
0 0.44999998807907104 0.4898550808429718 0.04999995231628418 0.06666666269302368
0 0.501086950302124 0.20724637806415558 0.05869567394256592 0.08695653080940247
0 0.5570652186870575 0.35652172565460205 0.04891306161880493 0.0724637508392334
0 0.332608699798584 0.19565217196941376 0.032608747482299805 0.02898550033569336
0 0.5690217316150665 0.9630434513092041 0.05760866403579712 0.0739130973815918
2 0.21032607555389404 0.6666666865348816 0.03804349899291992 0.05217397212982178
2 0.24239128828048706 0.9724637866020203 0.05217397212982178 0.05507242679595947
