1 0.44076085090637207 0.302173912525177 0.020652174949645996 0.03333336114883423
1 0.394565224647522 0.3318840563297272 0.02173912525177002 0.02608698606491089
0 0.6211956143379211 0.3855072557926178 0.020652174949645996 0.02898550033569336
0 0.615217387676239 0.3442029058933258 0.017391324043273926 0.027536213397979736
0 0.772282600402832 0.3333333432674408 0.020652174949645996 0.02608698606491089
0 0.6532608866691589 0.3753623068332672 0.02173912525177002 0.020289838314056396
0 0.374456524848938 0.35724636912345886 0.01847827434539795 0.024637699127197266
0 0.25760871171951294 0.4420289993286133 0.017391324043273926 0.020289838314056396
0 0.35652172565460205 0.3333333432674408 0.019565224647521973 0.02608698606491089
0 0.77173912525177 0.29420289397239685 0.02173912525177002 0.02898550033569336
