1 0.5592391490936279 0.302173912525177 0.020652174949645996 0.03333336114883423
1 0.605434775352478 0.3318840563297272 0.02173912525177002 0.02608698606491089
0 0.37880435585975647 0.3855072557926178 0.020652174949645996 0.02898550033569336
0 0.384782612323761 0.3442029058933258 0.017391324043273926 0.027536213397979736
0 0.22771738469600677 0.3333333432674408 0.020652174949645996 0.02608698606491089
0 0.34673914313316345 0.3753623068332672 0.02173912525177002 0.020289838314056396
0 0.625543475151062 0.35724636912345886 0.01847827434539795 0.024637699127197266
0 0.7423912882804871 0.4420289993286133 0.017391324043273926 0.020289838314056396
0 0.643478274345398 0.3333333432674408 0.019565224647521973 0.02608698606491089
0 0.22826087474822998 0.29420289397239685 0.02173912525177002 0.02898550033569336
