1 0.49673911929130554 0.20579707622528076 0.093478262424469 0.09565222263336182
2 0.2766304314136505 0.4130434989929199 0.10326087474822998 0.10724639892578125
0 0.863586962223053 0.5753623247146606 0.07934784889221191 0.09275364875793457
0 0.9423912763595581 0.6173913180828094 0.0739130973815918 0.104347825050354
0 0.9434782862663269 0.4797101765871048 0.0673912763595581 0.0985507071018219
0 0.9619565010070801 0.39275360107421875 0.07608699798583984 0.08695650100708008
0 0.876086950302124 0.7985507249832153 0.04130434989929199 0.06376811861991882
0 0.83152174949646 0.7876811623573303 0.039130449295043945 0.05072462558746338
2 0.531521737575531 0.3123188614845276 0.08695650100708008 0.08550727367401123
2 0.6396738886833191 0.23260867595672607 0.05978262424468994 0.08840584754943848
