1 0.5032608807086945 0.20579707622528076 0.093478262424469 0.09565222263336182
2 0.7233695387840271 0.4130434989929199 0.10326087474822998 0.10724639892578125
0 0.13641303777694702 0.5753623247146606 0.07934784889221191 0.09275364875793457
0 0.057608723640441895 0.6173913180828094 0.0739130973815918 0.104347825050354
0 0.056521713733673096 0.4797101765871048 0.0673912763595581 0.0985507071018219
0 0.03804349899291992 0.39275360107421875 0.07608699798583984 0.08695650100708008
0 0.12391304969787598 0.7985507249832153 0.04130434989929199 0.06376811861991882
0 0.16847825050354004 0.7876811623573303 0.039130449295043945 0.05072462558746338
2 0.468478262424469 0.3123188614845276 0.08695650100708008 0.08550727367401123
2 0.3603261113166809 0.23260867595672607 0.05978262424468994 0.08840584754943848
