2 0.4956522136926651 0.665217399597168 0.0985507071018219 0.09130430221557617
2 0.6362318694591522 0.561956524848938 0.049275338649749756 0.04782605171203613
2 0.46159423887729645 0.5663043558597565 0.12028983235359192 0.07826083898544312
0 0.560869574546814 0.5565217435359955 0.08985507488250732 0.05434781312942505
0 0.5985507369041443 0.522826075553894 0.04057973623275757 0.04130434989929199
2 0.3442028760910034 0.5 0.09420287609100342 0.060869574546813965
0 0.2978261113166809 0.5059782564640045 0.05942034721374512 0.038043439388275146
0 0.49130432307720184 0.5076086819171906 0.08115944266319275 0.056521713733673096
2 0.26304346323013306 0.699999988079071 0.09130430221557617 0.09565222263336182
0 0.32028985023498535 0.739673912525177 0.06956517696380615 0.05978262424468994
0 0.22608697414398193 0.7516304552555084 0.06666672229766846 0.05108696222305298
0 0.18913042545318604 0.7032608687877655 0.0739130973815918 0.07391303777694702
