2 0.4956522136926651 0.33478260040283203 0.0985507071018219 0.09130436182022095
2 0.6362318694591522 0.438043475151062 0.049275338649749756 0.04782611131668091
2 0.46159423887729645 0.43369564414024353 0.12028983235359192 0.07826083898544312
0 0.560869574546814 0.4434782564640045 0.08985507488250732 0.05434781312942505
0 0.5985507369041443 0.47717392444610596 0.04057973623275757 0.04130434989929199
2 0.3442028760910034 0.5 0.09420287609100342 0.060869574546813965
0 0.2978261113166809 0.4940217286348343 0.05942034721374512 0.038043469190597534
0 0.49130432307720184 0.49239131808280945 0.08115944266319275 0.056521713733673096
2 0.26304346323013306 0.30000001192092896 0.09130430221557617 0.09565216302871704
0 0.32028985023498535 0.260326087474823 0.06956517696380615 0.05978262424468994
0 0.22608697414398193 0.24836955219507217 0.06666672229766846 0.051086947321891785
0 0.18913042545318604 0.2967391312122345 0.0739130973815918 0.07391303777694702
