2 0.665217399597168 0.5043477863073349 0.09130430221557617 0.0985507071018219
2 0.561956524848938 0.3637681305408478 0.04782605171203613 0.049275338649749756
2 0.5663043558597565 0.5384057611227036 0.07826083898544312 0.12028983235359192
0 0.5565217435359955 0.43913042545318604 0.05434781312942505 0.08985507488250732
0 0.522826075553894 0.4014492630958557 0.04130434989929199 0.04057973623275757
2 0.5 0.6557971239089966 0.060869574546813965 0.09420287609100342
0 0.5059782564640045 0.7021738886833191 0.038043439388275146 0.05942034721374512
0 0.5076086819171906 0.5086956769227982 0.056521713733673096 0.08115944266319275
2 0.699999988079071 0.7369565367698669 0.09565222263336182 0.09130430221557617
0 0.739673912525177 0.6797101497650146 0.05978262424468994 0.06956517696380615
0 0.7516304552555084 0.7739130258560181 0.05108696222305298 0.06666672229766846
0 0.7032608687877655 0.810869574546814 0.07391303777694702 0.0739130973815918
