2 0.4478260725736618 0.5891304612159729 0.19565215706825256 0.18405795097351074
2 0.633152186870575 0.15434782952070236 0.1554347276687622 0.21594204008579254
2 0.8201087117195129 0.1195652186870575 0.12282609939575195 0.17826086282730103
0 0.9434782862663269 0.09492753818631172 0.08913040161132812 0.11739131063222885
1 0.6114130616188049 0.555072471499443 0.11195647716522217 0.15652170777320862
1 0.779891312122345 0.24057970941066742 0.10543477535247803 0.13333335518836975
0 0.6717391014099121 0.8789855241775513 0.10000002384185791 0.1463768482208252
2 0.24565216898918152 0.5978260636329651 0.15869563817977905 0.19275367259979248
1 0.12771738693118095 0.606521725654602 0.12282607704401016 0.11449277400970459
1 0.23097826540470123 0.26739128679037094 0.08804348111152649 0.09420289099216461
1 0.03750000149011612 0.24202898144721985 0.07500000298023224 0.09855073690414429
1 0.029347825795412064 0.3499999940395355 0.05869565159082413 0.10579711198806763
1 0.343478262424469 0.760869562625885 0.13043475151062012 0.1507246494293213
1 0.814673900604248 0.7260869741439819 0.1206521987915039 0.20000004768371582
0 0.863043487071991 0.5123188346624374 0.08478260040283203 0.14927533268928528
1 0.748369574546814 0.5260869860649109 0.13804352283477783 0.1768115758895874
1 0.21630434691905975 0.7594202756881714 0.05869564414024353 0.08115947246551514
1 0.07173912972211838 0.4862319082021713 0.05434782803058624 0.06521740555763245
