2 0.4478260869565217 0.5891304347826086 0.19565217391304351 0.18405797101449267
2 0.6331521739130431 0.15434782608695652 0.1554347826086963 0.21594202898550724
2 0.820108695652174 0.11956521739130438 0.12282608695652172 0.17826086956521742
0 0.9434782608695652 0.09492753623188406 0.08913043478260876 0.11739130434782609
1 0.6114130434782609 0.5550724637681159 0.11195652173913047 0.15652173913043477
1 0.779891304347826 0.24057971014492754 0.10543478260869563 0.13333333333333336
0 0.6717391304347826 0.8789855072463769 0.10000000000000007 0.14637681159420282
2 0.24565217391304345 0.5978260869565218 0.15869565217391302 0.19275362318840575
1 0.12771739130434784 0.6065217391304348 0.12282608695652174 0.11449275362318831
1 0.23097826086956524 0.26739130434782604 0.08804347826086957 0.09420289855072461
1 0.0375 0.2420289855072464 0.075 0.09855072463768114
1 0.029347826086956533 0.35 0.05869565217391306 0.1057971014492752
1 0.34347826086956523 0.7608695652173912 0.1304347826086957 0.15072463768115937
1 0.8146739130434782 0.726086956521739 0.12065217391304345 0.19999999999999984
0 0.8630434782608696 0.5123188405797101 0.08478260869565218 0.14927536231884062
1 0.7483695652173913 0.5260869565217391 0.13804347826086955 0.1768115942028986
1 0.21630434782608696 0.7594202898550725 0.058695652173913045 0.08115942028985515
1 0.07173913043478261 0.48623188405797096 0.05434782608695652 0.06521739130434764
