2 0.552173912525177 0.4108695387840271 0.19565212726593018 0.18405795097351074
2 0.36684781312942505 0.8456521704792976 0.1554347276687622 0.21594204008579254
2 0.17989128828048706 0.8804347813129425 0.12282609939575195 0.17826086282730103
0 0.056521713733673096 0.9050724618136883 0.08913040161132812 0.11739131063222885
1 0.38858693838119507 0.44492752850055695 0.11195647716522217 0.15652170777320862
1 0.22010868787765503 0.7594202905893326 0.10543477535247803 0.13333335518836975
0 0.3282608985900879 0.12101447582244873 0.10000002384185791 0.1463768482208252
2 0.7543478310108185 0.4021739363670349 0.15869563817977905 0.19275367259979248
1 0.8722826242446899 0.39347827434539795 0.12282609939575195 0.11449277400970459
1 0.76902174949646 0.7326087132096291 0.0880434513092041 0.09420289099216461
1 0.9625000059604645 0.7579710185527802 0.07499998807907104 0.09855073690414429
1 0.970652163028717 0.6500000059604645 0.05869567394256592 0.10579711198806763
1 0.656521737575531 0.239130437374115 0.13043475151062012 0.1507246494293213
1 0.18532609939575195 0.27391302585601807 0.1206521987915039 0.20000004768371582
0 0.13695651292800903 0.48768116533756256 0.08478260040283203 0.14927533268928528
1 0.25163042545318604 0.4739130139350891 0.13804352283477783 0.1768115758895874
1 0.783695638179779 0.2405797243118286 0.05869567394256592 0.08115947246551514
1 0.928260862827301 0.5137680917978287 0.054347872734069824 0.06521740555763245
