2 0.5891304612159729 0.447826087474823 0.18405795097351074 0.19565212726593018
2 0.15434782952070236 0.633152186870575 0.21594204008579254 0.1554347276687622
2 0.1195652186870575 0.8201087117195129 0.17826086282730103 0.12282609939575195
0 0.09492753818631172 0.9434782862663269 0.11739131063222885 0.08913040161132812
1 0.555072471499443 0.6114130616188049 0.15652170777320862 0.11195647716522217
1 0.24057970941066742 0.779891312122345 0.13333335518836975 0.10543477535247803
0 0.8789855241775513 0.6717391014099121 0.1463768482208252 0.10000002384185791
2 0.5978260636329651 0.24565216898918152 0.19275367259979248 0.15869563817977905
1 0.606521725654602 0.12771737575531006 0.11449277400970459 0.12282609939575195
1 0.26739128679037094 0.23097825050354004 0.09420289099216461 0.0880434513092041
1 0.24202898144721985 0.03749999403953552 0.09855073690414429 0.07499998807907104
1 0.3499999940395355 0.02934783697128296 0.10579711198806763 0.05869567394256592
1 0.760869562625885 0.343478262424469 0.1507246494293213 0.13043475151062012
1 0.7260869741439819 0.814673900604248 0.20000004768371582 0.1206521987915039
0 0.5123188346624374 0.863043487071991 0.14927533268928528 0.08478260040283203
1 0.5260869860649109 0.748369574546814 0.1768115758895874 0.13804352283477783
1 0.7594202756881714 0.21630436182022095 0.08115947246551514 0.05869567394256592
1 0.4862319082021713 0.07173913717269897 0.06521740555763245 0.054347872734069824
