2 0.646195650100708 0.5753623247146606 0.0880434513092041 0.10144925117492676
2 0.676630437374115 0.46666663885116577 0.0923912525177002 0.10724639892578125
0 0.563586950302124 0.24420291185379028 0.07934784889221191 0.06521737575531006
2 0.5755434632301331 0.16739130020141602 0.08152174949645996 0.08840584754943848
0 0.42445650696754456 0.06594204902648926 0.06413042545318604 0.07681155204772949
2 0.648369550704956 0.7963768094778061 0.057608723640441895 0.06521740555763245
2 0.18315216898918152 0.458695650100708 0.03586956858634949 0.04782605171203613
0 0.5364130139350891 0.5260869562625885 0.029347777366638184 0.03768116235733032
0 0.6402173638343811 0.7398550808429718 0.06304347515106201 0.05072462558746338
0 0.647826075553894 0.8652173839509487 0.04347825050354004 0.06086956709623337
0 0.6070652008056641 0.8202898502349854 0.03152179718017578 0.04347825050354004
