1 0.5065217316150665 0.04057971015572548 0.052173912525177 0.08115942031145096
1 0.07663041353225708 0.08695652335882187 0.05978262424468994 0.06376811861991882
0 0.1717391014099121 0.45144927501678467 0.08260869979858398 0.07391303777694702
2 0.17391306161880493 0.5659420490264893 0.08695650100708008 0.10289859771728516
2 0.6809782683849335 0.7550724744796753 0.09456521272659302 0.09855067729949951
2 0.595652163028717 0.823913037776947 0.0673912763595581 0.09710144996643066
2 0.427717387676239 0.8557971119880676 0.09891307353973389 0.15217387676239014
0 0.3576086759567261 0.8101449012756348 0.06521737575531006 0.08405792713165283
1 0.658152163028717 0.4231884181499481 0.06195652484893799 0.08115941286087036
0 0.707608699798584 0.3268115818500519 0.06521737575531006 0.0681159496307373
0 0.7249999642372131 0.4492753744125366 0.06304347515106201 0.0724637508392334
0 0.5342391431331635 0.19927535951137543 0.04891306161880493 0.05072462558746338
0 0.560326099395752 0.10724637657403946 0.042391300201416016 0.055072471499443054
