2 0.3820652365684509 0.8420289754867554 0.08369565010070801 0.15362322330474854
1 0.45597827434539795 0.9181159138679504 0.035869598388671875 0.07971012592315674
2 0.22119563817977905 0.6514492630958557 0.057608723640441895 0.09710144996643066
2 0.052173912525177 0.3173913061618805 0.04782605171203613 0.08115941286087036
0 0.3385869860649109 0.41521739959716797 0.042391300201416016 0.07101452350616455
2 0.3369565010070801 0.747826099395752 0.0369565486907959 0.05217385292053223
0 0.208695650100708 0.5427536368370056 0.04782605171203613 0.053623199462890625
0 0.8701086938381195 0.32463768124580383 0.09021741151809692 0.10144925117492676
0 0.7972826063632965 0.3014492765069008 0.06630438566207886 0.11594204604625702
0 0.759782612323761 0.39347827434539795 0.05217397212982178 0.07681161165237427
0 0.385869562625885 0.9166666865348816 0.02826082706451416 0.04492747783660889
0 0.36195653676986694 0.9297101497650146 0.030434727668762207 0.039130449295043945
