2 0.15797102451324463 0.3820652365684509 0.15362322330474854 0.08369565010070801
1 0.08188408613204956 0.45597827434539795 0.07971012592315674 0.035869598388671875
2 0.3485507369041443 0.22119563817977905 0.09710144996643066 0.057608723640441895
2 0.6826086938381195 0.052173912525177 0.08115941286087036 0.04782605171203613
0 0.584782600402832 0.3385869860649109 0.07101452350616455 0.042391300201416016
2 0.25217390060424805 0.3369565010070801 0.05217385292053223 0.0369565486907959
0 0.4572463631629944 0.208695650100708 0.053623199462890625 0.04782605171203613
0 0.6753623187541962 0.8701086938381195 0.10144925117492676 0.09021741151809692
0 0.6985507234930992 0.7972826063632965 0.11594204604625702 0.06630438566207886
0 0.606521725654602 0.759782612323761 0.07681161165237427 0.05217397212982178
0 0.08333331346511841 0.385869562625885 0.04492747783660889 0.02826082706451416
0 0.07028985023498535 0.36195653676986694 0.039130449295043945 0.030434727668762207
