2 0.07771739130434784 0.2282608695652174 0.04891304347826087 0.062318840579710155
2 0.07880434782608696 0.6543478260869565 0.0532608695652174 0.07681159420289858
2 0.10597826086956523 0.7086956521739132 0.055434782608695644 0.06956521739130438
1 0.1793478260869565 0.6152173913043478 0.06086956521739131 0.07681159420289867
2 0.3690217391304348 0.6217391304347827 0.04239130434782609 0.06086956521739133
1 0.3326086956521739 0.6130434782608696 0.04565217391304345 0.06376811594202891
2 0.3054347826086956 0.6079710144927537 0.04565217391304345 0.06811594202898555
1 0.06793478260869565 0.576086956521739 0.0576086956521739 0.07391304347826086
2 0.5831521739130434 0.4956521739130435 0.03586956521739126 0.049275362318840624
2 0.7086956521739132 0.5007246376811594 0.036956521739130464 0.05072463768115945
1 0.6266304347826087 0.45072463768115945 0.040217391304347885 0.05217391304347828
1 0.6152173913043478 0.5014492753623189 0.03478260869565219 0.04637681159420289
1 0.34293478260869564 0.5579710144927538 0.04239130434782609 0.04347826086956523
1 0.3168478260869565 0.38405797101449274 0.0554347826086957 0.057971014492753596
1 0.12989130434782603 0.34057971014492744 0.048913043478260934 0.06376811594202897
1 0.1375 0.26304347826086955 0.04891304347826088 0.06231884057971013
1 0.08804347826086957 0.36086956521739133 0.054347826086956534 0.05797101449275359
1 0.12934782608695655 0.5442028985507246 0.05 0.06521739130434774
2 0.7391304347826089 0.25942028985507243 0.03913043478260875 0.05217391304347828
1 0.6407608695652174 0.3630434782608695 0.035869565217391326 0.04782608695652179
1 0.3755434782608697 0.5782608695652174 0.03369565217391304 0.04637681159420289
1 0.3369565217391305 0.46811594202898554 0.03478260869565222 0.049275362318840624
1 0.07391304347826086 0.3014492753623188 0.05434782608695651 0.057971014492753596
1 0.07499999999999998 0.7499999999999997 0.05000000000000002 0.06521739130434731
1 0.5293478260869566 0.5231884057971015 0.034782608695652084 0.03768115942028992
1 0.670108695652174 0.17753623188405798 0.040217391304347955 0.059420289855072486
