2 0.9222826063632965 0.7717391178011894 0.04891306161880493 0.062318846583366394
2 0.9211956560611725 0.34565216302871704 0.053260862827301025 0.07681155204772949
2 0.8940217196941376 0.291304349899292 0.05543476343154907 0.06956517696380615
1 0.820652186870575 0.384782612323761 0.060869574546813965 0.07681155204772949
2 0.6309782266616821 0.37826085090637207 0.042391300201416016 0.060869574546813965
1 0.667391300201416 0.38695651292800903 0.045652151107788086 0.06376814842224121
2 0.6945651769638062 0.3920289874076843 0.045652151107788086 0.0681159496307373
1 0.9320652186870575 0.42391306161880493 0.05760866403579712 0.0739130973815918
2 0.416847825050354 0.5043478310108185 0.035869598388671875 0.049275338649749756
2 0.291304349899292 0.4992753863334656 0.0369565486907959 0.05072462558746338
1 0.37336957454681396 0.5492753684520721 0.04021739959716797 0.052173912525177
1 0.384782612323761 0.4985507130622864 0.03478264808654785 0.046376824378967285
1 0.657065212726593 0.4420289993286133 0.042391300201416016 0.04347825050354004
1 0.6831521689891815 0.6159420311450958 0.05543476343154907 0.05797100067138672
1 0.8701086938381195 0.6594202816486359 0.04891306161880493 0.06376808881759644
1 0.8624999821186066 0.736956499516964 0.04891306161880493 0.062318846583366394
1 0.9119565188884735 0.6391304433345795 0.05434781312942505 0.05797100067138672
1 0.8706521689891815 0.45579707622528076 0.050000011920928955 0.06521737575531006
2 0.260869562625885 0.7405797243118286 0.039130449295043945 0.052173912525177
1 0.3592391014099121 0.636956512928009 0.035869598388671875 0.04782611131668091
1 0.624456524848938 0.4217391014099121 0.03369569778442383 0.046376824378967285
1 0.6630434691905975 0.5318840444087982 0.034782588481903076 0.049275338649749756
1 0.926086962223053 0.6985507309436798 0.054347872734069824 0.05797100067138672
1 0.9249999821186066 0.25 0.050000011920928955 0.06521737575531006
1 0.47065216302871704 0.47681158781051636 0.03478264808654785 0.03768110275268555
1 0.3298913240432739 0.8224637657403946 0.04021739959716797 0.05942028760910034
