2 0.07771739363670349 0.22826088219881058 0.04891304671764374 0.062318846583366394
2 0.07880435325205326 0.654347836971283 0.05326087400317192 0.07681155204772949
2 0.10597825795412064 0.708695650100708 0.055434778332710266 0.06956517696380615
1 0.17934782803058624 0.615217387676239 0.060869574546813965 0.07681155204772949
2 0.3690217435359955 0.6217391490936279 0.042391300201416016 0.060869574546813965
1 0.332608699798584 0.613043487071991 0.045652151107788086 0.06376814842224121
2 0.30543479323387146 0.6079710125923157 0.045652151107788086 0.0681159496307373
1 0.0679347813129425 0.5760869383811951 0.05760869383811951 0.0739130973815918
2 0.583152174949646 0.4956521689891815 0.035869598388671875 0.049275338649749756
2 0.708695650100708 0.5007246136665344 0.0369565486907959 0.05072462558746338
1 0.626630425453186 0.45072463154792786 0.04021739959716797 0.052173912525177
1 0.615217387676239 0.5014492869377136 0.03478264808654785 0.046376824378967285
1 0.342934787273407 0.5579710006713867 0.042391300201416016 0.04347825050354004
1 0.3168478310108185 0.3840579688549042 0.05543476343154907 0.05797100067138672
1 0.1298913024365902 0.34057971835136414 0.04891303926706314 0.06376808881759644
1 0.13749999925494194 0.26304350048303604 0.04891303926706314 0.062318846583366394
1 0.08804348111152649 0.36086955666542053 0.05434782803058624 0.05797100067138672
1 0.12934783473610878 0.5442029237747192 0.05000000447034836 0.06521737575531006
2 0.739130437374115 0.2594202756881714 0.039130449295043945 0.052173912525177
1 0.6407608985900879 0.36304348707199097 0.035869598388671875 0.04782611131668091
1 0.375543475151062 0.5782608985900879 0.03369563817977905 0.046376824378967285
1 0.33695653080940247 0.4681159555912018 0.034782588481903076 0.049275338649749756
1 0.07391304522752762 0.3014492690563202 0.05434782803058624 0.05797100067138672
1 0.07500000298023224 0.75 0.04999999701976776 0.06521737575531006
1 0.529347836971283 0.5231884121894836 0.03478264808654785 0.03768110275268555
1 0.6701086759567261 0.1775362342596054 0.04021739959716797 0.05942028760910034
