1 0.5701087117195129 0.6159420311450958 0.03369569778442383 0.049275338649749756
2 0.5576087236404419 0.5695652067661285 0.045652151107788086 0.04347825050354004
1 0.2342391312122345 0.11956518888473511 0.03369563817977905 0.04202902317047119
2 0.2858695685863495 0.269565224647522 0.052173912525177 0.04927539825439453
0 0.2961956560611725 0.2289854884147644 0.03804349899291992 0.04057967662811279
2 0.23260868340730667 0.2847825884819031 0.0413043349981308 0.0362318754196167
1 0.17391304671764374 0.16811591386795044 0.03695651888847351 0.03478264808654785
2 0.036956523545086384 0.10072463750839233 0.03695652447640896 0.06521737575531006
2 0.07608695328235626 0.17101448774337769 0.03695651888847351 0.046376824378967285
2 0.18369565904140472 0.13985508680343628 0.04130434989929199 0.04492747783660889
0 0.219021737575531 0.33043479919433594 0.03369563817977905 0.03478264808654785
0 0.654891312122345 0.9507246380671859 0.022826075553894043 0.03768116049468517
0 0.675000011920929 0.8760869614779949 0.02173912525177002 0.030434779822826385
