2 0.6528985500335693 0.551630437374115 0.09710144996643066 0.07500004768371582
2 0.613043487071991 0.740760862827301 0.07536232471466064 0.06630432605743408
2 0.4797101616859436 0.7635869383811951 0.07536232471466064 0.06413042545318604
0 0.39347827434539795 0.5570651888847351 0.0681159496307373 0.035869598388671875
0 0.7231884002685547 0.612500011920929 0.05797100067138672 0.06413042545318604
0 0.426086962223053 0.489130437374115 0.046376824378967285 0.04347825050354004
0 0.5094202607870102 0.07173913158476353 0.05652174353599548 0.032608699053525925
0 0.18478262424468994 0.3499999940395355 0.04492759704589844 0.0369565486907959
0 0.4471014738082886 0.4315217435359955 0.039130449295043945 0.04347825050354004
0 0.3811594247817993 0.4532608687877655 0.04927539825439453 0.04782611131668091
0 0.34565216302871704 0.376086950302124 0.053623199462890625 0.039130449295043945
2 0.44565218687057495 0.594021737575531 0.08260869979858398 0.0510869026184082
2 0.9630434764549136 0.697826087474823 0.05362319014966488 0.039130449295043945
0 0.48623186349868774 0.45652174949645996 0.0362318754196167 0.039130449295043945
0 0.21159422397613525 0.2663043513894081 0.04927539825439453 0.036956533789634705
0 0.1775362491607666 0.28423914313316345 0.04782605171203613 0.03804349899291992
0 0.0724637508392334 0.2750000059604645 0.04927539825439453 0.039130449295043945
0 0.08333331346511841 0.33043476939201355 0.04492747783660889 0.039130449295043945
0 0.4847826361656189 0.04402174148708582 0.05072462558746338 0.03586956672370434
0 0.4630434513092041 0.1505434811115265 0.04492759704589844 0.02934783697128296
