2 0.551630437374115 0.34710144996643066 0.07500004768371582 0.09710144996643066
2 0.740760862827301 0.38695651292800903 0.06630432605743408 0.07536232471466064
2 0.7635869383811951 0.5202898383140564 0.06413042545318604 0.07536232471466064
0 0.5570651888847351 0.606521725654602 0.035869598388671875 0.0681159496307373
0 0.612500011920929 0.2768115997314453 0.06413042545318604 0.05797100067138672
0 0.489130437374115 0.573913037776947 0.04347825050354004 0.046376824378967285
0 0.07173913158476353 0.4905797392129898 0.032608699053525925 0.05652174353599548
0 0.3499999940395355 0.8152173757553101 0.0369565486907959 0.04492759704589844
0 0.4315217435359955 0.5528985261917114 0.04347825050354004 0.039130449295043945
0 0.4532608687877655 0.6188405752182007 0.04782611131668091 0.04927539825439453
0 0.376086950302124 0.654347836971283 0.039130449295043945 0.053623199462890625
2 0.594021737575531 0.554347813129425 0.0510869026184082 0.08260869979858398
2 0.697826087474823 0.036956523545086384 0.039130449295043945 0.05362319014966488
0 0.45652174949645996 0.5137681365013123 0.039130449295043945 0.0362318754196167
0 0.2663043513894081 0.7884057760238647 0.036956533789634705 0.04927539825439453
0 0.28423914313316345 0.8224637508392334 0.03804349899291992 0.04782605171203613
0 0.2750000059604645 0.9275362491607666 0.039130449295043945 0.04927539825439453
0 0.33043476939201355 0.9166666865348816 0.039130449295043945 0.04492747783660889
0 0.04402174148708582 0.5152173638343811 0.03586956672370434 0.05072462558746338
0 0.1505434811115265 0.5369565486907959 0.02934783697128296 0.04492759704589844
