2 0.448369562625885 0.34710144996643066 0.07500004768371582 0.09710144996643066
2 0.259239137172699 0.38695651292800903 0.06630432605743408 0.07536232471466064
2 0.23641306161880493 0.5202898383140564 0.06413042545318604 0.07536232471466064
0 0.4429348111152649 0.606521725654602 0.035869598388671875 0.0681159496307373
0 0.38749998807907104 0.2768115997314453 0.06413042545318604 0.05797100067138672
0 0.510869562625885 0.573913037776947 0.04347825050354004 0.046376824378967285
0 0.9282608926296234 0.4905797392129898 0.03260868787765503 0.05652174353599548
0 0.6499999761581421 0.8152173757553101 0.0369565486907959 0.04492759704589844
0 0.5684782266616821 0.5528985261917114 0.04347825050354004 0.039130449295043945
0 0.5467391312122345 0.6188405752182007 0.04782611131668091 0.04927539825439453
0 0.623913049697876 0.654347836971283 0.039130449295043945 0.053623199462890625
2 0.405978262424469 0.554347813129425 0.0510869026184082 0.08260869979858398
2 0.302173912525177 0.036956523545086384 0.039130449295043945 0.05362319014966488
0 0.54347825050354 0.5137681365013123 0.039130449295043945 0.0362318754196167
0 0.7336956262588501 0.7884057760238647 0.0369565486907959 0.04927539825439453
0 0.7157608270645142 0.8224637508392334 0.03804349899291992 0.04782605171203613
0 0.7250000238418579 0.9275362491607666 0.039130449295043945 0.04927539825439453
0 0.6695652008056641 0.9166666865348816 0.039130449295043945 0.04492747783660889
0 0.9559782445430756 0.5152173638343811 0.0358695387840271 0.05072462558746338
0 0.8494565188884735 0.5369565486907959 0.02934783697128296 0.04492759704589844
