1 0.8820652142167091 0.41376811265945435 0.08152173459529877 0.10289859771728516
0 0.9445652179419994 0.530434787273407 0.08260869234800339 0.07826089859008789
0 0.7309782579541206 0.8550724685192108 0.055434778332710266 0.06666666269302368
0 0.689130425453186 0.929710142314434 0.06521737575531006 0.09130434691905975
1 0.15923911333084106 0.9152173902839422 0.06630432605743408 0.07391304895281792
0 0.0266304612159729 0.9615942016243935 0.0510869026184082 0.07681159675121307
2 0.0358695387840271 0.7210144996643066 0.060869574546813965 0.07391303777694702
0 0.09673911333084106 0.7101449370384216 0.05652177333831787 0.05507248640060425
0 0.047282636165618896 0.7891304343938828 0.05978262424468994 0.05072462558746338
1 0.038586974143981934 0.8413043469190598 0.05978262424468994 0.07101449370384216
0 0.342934787273407 0.395652174949646 0.08586955070495605 0.08985507488250732
2 0.33532607555389404 0.2673913240432739 0.09021735191345215 0.12898552417755127
2 0.8663043528795242 0.06594204902648926 0.11304348707199097 0.11739134788513184
0 0.9597826078534126 0.38405799865722656 0.08043478429317474 0.08985507488250732
0 0.7114130556583405 0.7326087057590485 0.06630432605743408 0.0681159496307373
