1 0.8820652067661285 0.5862318873405457 0.08152168989181519 0.10289859771728516
0 0.9445652365684509 0.469565212726593 0.08260869979858398 0.07826089859008789
0 0.7309782803058624 0.14492753148078918 0.05543476343154907 0.06666666269302368
0 0.689130425453186 0.07028985768556595 0.06521737575531006 0.09130434691905975
1 0.15923911333084106 0.08478260971605778 0.06630432605743408 0.07391304895281792
0 0.0266304612159729 0.03840579837560654 0.0510869026184082 0.07681159675121307
2 0.0358695387840271 0.27898550033569336 0.060869574546813965 0.07391303777694702
0 0.09673911333084106 0.28985506296157837 0.05652177333831787 0.05507248640060425
0 0.047282636165618896 0.21086956560611725 0.05978262424468994 0.05072462558746338
1 0.038586974143981934 0.15869565308094025 0.05978262424468994 0.07101449370384216
0 0.342934787273407 0.604347825050354 0.08586955070495605 0.08985507488250732
2 0.33532607555389404 0.7326086759567261 0.09021735191345215 0.12898552417755127
2 0.8663043677806854 0.9340579509735107 0.11304348707199097 0.11739134788513184
0 0.959782600402832 0.6159420013427734 0.08043479919433594 0.08985507488250732
0 0.7114130854606628 0.26739129424095154 0.06630432605743408 0.0681159496307373
