0 0.239130437374115 0.7688405886292458 0.04130434989929199 0.07971014082431793
0 0.560326099395752 0.8760869540274143 0.048913002014160156 0.04492754489183426
2 0.469565212726593 0.4333333373069763 0.0673912763595581 0.1449275016784668
2 0.35271739959716797 0.3891304135322571 0.04021739959716797 0.07681155204772949
2 0.501630425453186 0.3913043737411499 0.0510869026184082 0.11884057521820068
2 0.542934775352478 0.832608699798584 0.03152179718017578 0.0362318754196167
0 0.5972825884819031 0.8297101408243179 0.022826075553894043 0.04492753744125366
0 0.6500000357627869 0.906521737575531 0.02173912525177002 0.04492753744125366
0 0.658152163028717 0.8644927591085434 0.020652174949645996 0.0362318754196167
2 0.8934782445430756 0.08768117427825928 0.030434787273406982 0.05072462558746338
2 0.73097825050354 0.9057971015572548 0.03152179718017578 0.03768116235733032
2 0.8396739065647125 0.7862318903207779 0.025000035762786865 0.0362318754196167
0 0.7684782445430756 0.6166666746139526 0.02608698606491089 0.030434787273406982
0 0.7119565606117249 0.695652186870575 0.023913025856018066 0.02898550033569336
0 0.9342391192913055 0.6050724685192108 0.027173936367034912 0.027536213397979736
0 0.9831521809101105 0.6420289874076843 0.025000035762786865 0.02898550033569336
