2 0.20217391848564148 0.7862318754196167 0.10652172565460205 0.19565212726593018
2 0.364673912525177 0.6268116235733032 0.13804346323013306 0.13188409805297852
2 0.2961956560611725 0.7710145115852356 0.10543477535247803 0.15362322330474854
0 0.19945652782917023 0.8891304135322571 0.06413042545318604 0.10000002384185791
1 0.2760869562625885 0.31956520676612854 0.04782611131668091 0.039130449295043945
0 0.60597825050354 0.21739130467176437 0.05978262424468994 0.09565217792987823
2 0.801630437374115 0.47608695924282074 0.057608723640441895 0.0942029058933258
2 0.865760862827301 0.3710145056247711 0.04021739959716797 0.049275338649749756
2 0.738586962223053 0.4594202935695648 0.0532609224319458 0.07536232471466064
2 0.928260862827301 0.06449275277554989 0.08043479919433594 0.08260868862271309
0 0.479891300201416 0.5753623247146606 0.04456520080566406 0.03478264808654785
0 0.4320652186870575 0.5231884121894836 0.0358695387840271 0.031884074211120605
0 0.4543478190898895 0.5528985261917114 0.03260868787765503 0.04492759704589844
