2 0.551630437374115 0.31521740555763245 0.08369565010070801 0.11449277400970459
0 0.6940217614173889 0.228985495865345 0.0532609224319458 0.08985505998134613
2 0.6701086759567261 0.3427536189556122 0.08586955070495605 0.1202898621559143
0 0.5081521719694138 0.6188405752182007 0.06847825646400452 0.05797100067138672
0 0.707065224647522 0.54347825050354 0.0532609224319458 0.08405792713165283
2 0.5 0.5528985261917114 0.08260869979858398 0.07681155204772949
0 0.4646739065647125 0.5731884241104126 0.05108696222305298 0.05942034721374512
0 0.7331521511077881 0.32028985023498535 0.057608723640441895 0.09275364875793457
0 0.729891300201416 0.395652174949646 0.048913002014160156 0.06666666269302368
0 0.4630434811115265 0.4992753714323044 0.05434781312942505 0.06521740555763245
0 0.5092391520738602 0.3971014618873596 0.03586956858634949 0.05507248640060425
2 0.7119565010070801 0.4956521540880203 0.06956517696380615 0.10724636912345886
