2 0.6847825944423676 0.551630437374115 0.11449277400970459 0.08369565010070801
0 0.771014504134655 0.6940217614173889 0.08985505998134613 0.0532609224319458
2 0.6572463810443878 0.6701086759567261 0.1202898621559143 0.08586955070495605
0 0.3811594247817993 0.5081521719694138 0.05797100067138672 0.06847825646400452
0 0.45652174949645996 0.707065224647522 0.08405792713165283 0.0532609224319458
2 0.4471014738082886 0.5 0.07681155204772949 0.08260869979858398
0 0.4268115758895874 0.4646739065647125 0.05942034721374512 0.05108696222305298
0 0.6797101497650146 0.7331521511077881 0.09275364875793457 0.057608723640441895
0 0.604347825050354 0.729891300201416 0.06666666269302368 0.048913002014160156
0 0.5007246285676956 0.4630434811115265 0.06521740555763245 0.05434781312942505
0 0.6028985381126404 0.5092391520738602 0.05507248640060425 0.03586956858634949
2 0.5043478459119797 0.7119565010070801 0.10724636912345886 0.06956517696380615
