0 0.853804349899292 0.31521740555763245 0.04673910140991211 0.04492753744125366
0 0.8081521987915039 0.30434781312942505 0.04456520080566406 0.05797100067138672
2 0.7538043558597565 0.4891304522752762 0.059782564640045166 0.05942031741142273
0 0.822826087474823 0.626086950302124 0.04782605171203613 0.04347825050354004
0 0.5788043737411499 0.43985506892204285 0.03804349899291992 0.06231886148452759
0 0.6076086759567261 0.4992753714323044 0.039130449295043945 0.05072465538978577
2 0.4010869860649109 0.2710144743323326 0.039130449295043945 0.04927535355091095
1 0.35163044929504395 0.37681159377098083 0.03369569778442383 0.034782588481903076
1 0.40326088666915894 0.42971014976501465 0.03478264808654785 0.0362318754196167
1 0.6070652008056641 0.4572463631629944 0.03804349899291992 0.04782611131668091
