0 0.146195650100708 0.31521740555763245 0.0467391312122345 0.04492753744125366
0 0.19184783101081848 0.30434781312942505 0.04456520080566406 0.05797100067138672
2 0.24619565904140472 0.4891304522752762 0.059782594442367554 0.05942031741142273
0 0.177173912525177 0.626086950302124 0.04782608151435852 0.04347825050354004
0 0.4211956560611725 0.43985506892204285 0.03804349899291992 0.06231886148452759
0 0.39239129424095154 0.4992753714323044 0.039130449295043945 0.05072465538978577
2 0.5989130139350891 0.2710144743323326 0.039130449295043945 0.04927535355091095
1 0.648369550704956 0.37681159377098083 0.03369569778442383 0.034782588481903076
1 0.5967391133308411 0.42971014976501465 0.03478264808654785 0.0362318754196167
1 0.39293476939201355 0.4572463631629944 0.03804349899291992 0.04782611131668091
