0 0.6847825944423676 0.853804349899292 0.04492753744125366 0.04673910140991211
0 0.695652186870575 0.8081521987915039 0.05797100067138672 0.04456520080566406
2 0.5108695477247238 0.7538043558597565 0.05942031741142273 0.059782564640045166
0 0.373913049697876 0.822826087474823 0.04347825050354004 0.04782605171203613
0 0.5601449310779572 0.5788043737411499 0.06231886148452759 0.03804349899291992
0 0.5007246285676956 0.6076086759567261 0.05072465538978577 0.039130449295043945
2 0.7289855256676674 0.4010869860649109 0.04927535355091095 0.039130449295043945
1 0.6231884062290192 0.35163044929504395 0.034782588481903076 0.03369569778442383
1 0.5702898502349854 0.40326088666915894 0.0362318754196167 0.03478264808654785
1 0.5427536368370056 0.6070652008056641 0.04782611131668091 0.03804349899291992
