0 0.3586956560611725 0.1094202920794487 0.11521738767623901 0.1405797153711319
2 0.4108695685863495 0.2659420296549797 0.12608695030212402 0.13768114149570465
1 0.321739137172699 0.4753623306751251 0.11956524848937988 0.11304348707199097
0 0.739130437374115 0.5014492869377136 0.0673912763595581 0.10724639892578125
2 0.7858695387840271 0.4673912972211838 0.08260869979858398 0.1666666567325592
1 0.4423913061618805 0.5695652365684509 0.09782606363296509 0.13913047313690186
0 0.34565216302871704 0.5876811742782593 0.093478262424469 0.09710144996643066
0 0.19184783101081848 0.21521739661693573 0.025000005960464478 0.0362318754196167
0 0.1516304314136505 0.24275363236665726 0.031521737575531006 0.033333346247673035
2 0.13913042843341827 0.36739131808280945 0.03260868787765503 0.03333336114883423
0 0.7847825884819031 0.9797101616859436 0.04347825050354004 0.04057967662811279
