0 0.6413043439388275 0.1094202920794487 0.11521738767623901 0.1405797153711319
2 0.5891304016113281 0.2659420296549797 0.12608695030212402 0.13768114149570465
1 0.678260862827301 0.4753623306751251 0.11956524848937988 0.11304348707199097
0 0.260869562625885 0.5014492869377136 0.0673912763595581 0.10724639892578125
2 0.2141304612159729 0.4673912972211838 0.08260869979858398 0.1666666567325592
1 0.5576086938381195 0.5695652365684509 0.09782606363296509 0.13913047313690186
0 0.654347836971283 0.5876811742782593 0.09347832202911377 0.09710144996643066
0 0.8081521689891815 0.21521739661693573 0.025000035762786865 0.0362318754196167
0 0.8483695685863495 0.24275363236665726 0.031521737575531006 0.033333346247673035
2 0.8608695566654205 0.36739131808280945 0.03260868787765503 0.03333336114883423
0 0.21521741151809692 0.9797101616859436 0.04347825050354004 0.04057967662811279
