2 0.479891300201416 0.6376811861991882 0.03369569778442383 0.04347825050354004
1 0.41902172565460205 0.7137681245803833 0.029347777366638184 0.04492759704589844
0 0.4429348111152649 0.70652174949646 0.027173876762390137 0.04202902317047119
1 0.44021737575531006 0.39927536249160767 0.026086926460266113 0.042028963565826416
0 0.46630436182022095 0.39782607555389404 0.032608747482299805 0.039130449295043945
0 0.5163043439388275 0.45144927501678467 0.030434787273406982 0.03333336114883423
1 0.015217363834381104 0.5811594128608704 0.030434727668762207 0.046376824378967285
0 0.04456520080566406 0.6717391014099121 0.026086926460266113 0.0362318754196167
1 0.1875 0.2442029044032097 0.02499997615814209 0.05072464048862457
0 0.406521737575531 0.395652174949646 0.030434727668762207 0.03768116235733032
1 0.5771739184856415 0.6050724387168884 0.030434787273406982 0.039130449295043945
