2 0.520108699798584 0.36231881380081177 0.03369569778442383 0.04347825050354004
1 0.580978274345398 0.2862318754196167 0.029347777366638184 0.04492759704589844
0 0.5570651888847351 0.29347825050354004 0.027173876762390137 0.04202902317047119
1 0.5597826242446899 0.6007246375083923 0.026086926460266113 0.042028963565826416
0 0.533695638179779 0.602173924446106 0.032608747482299805 0.039130449295043945
0 0.4836956560611725 0.5485507249832153 0.030434787273406982 0.03333336114883423
1 0.9847826361656189 0.41884058713912964 0.030434727668762207 0.046376824378967285
0 0.9554347991943359 0.3282608985900879 0.026086926460266113 0.0362318754196167
1 0.8125 0.7557970955967903 0.02499997615814209 0.05072464048862457
0 0.593478262424469 0.604347825050354 0.030434727668762207 0.03768116235733032
1 0.4228260815143585 0.3949275612831116 0.030434787273406982 0.039130449295043945
