2 0.6255434782608695 0.3594202898550724 0.17934782608695665 0.2695652173913043
2 0.6896739130434787 0.6036231884057971 0.16413043478260916 0.24492753623188393
2 0.2195652173913043 0.20507246376811594 0.18478260869565216 0.2536231884057971
1 0.8141304347826087 0.3608695652173913 0.1326086956521739 0.16811594202898555
1 0.3467391304347826 0.3253623188405797 0.13478260869565215 0.18405797101449278
2 0.37880434782608674 0.4826086956521739 0.1489130434782608 0.22898550724637678
1 0.4228260869565216 0.6499999999999999 0.10869565217391317 0.1840579710144924
1 0.37119565217391304 0.16449275362318844 0.12065217391304348 0.1666666666666667
1 0.8375 0.6608695652173913 0.13804347826086955 0.1768115942028986
1 0.9304347826086956 0.5449275362318841 0.12391304347826079 0.15072463768115946
