2 0.625543475151062 0.3594202995300293 0.17934787273406982 0.269565224647522
2 0.689673900604248 0.6036232113838196 0.16413044929504395 0.2449275255203247
2 0.21956521272659302 0.20507246255874634 0.18478262424468994 0.25362318754196167
1 0.814130425453186 0.36086955666542053 0.13260865211486816 0.16811591386795044
1 0.34673914313316345 0.32536232471466064 0.134782612323761 0.18405795097351074
2 0.37880435585975647 0.48260870575904846 0.14891302585601807 0.2289854884147644
1 0.4228260815143585 0.6499999761581421 0.1086956262588501 0.18405795097351074
1 0.37119564414024353 0.16449275985360146 0.1206521987915039 0.166666679084301
1 0.8374999761581421 0.6608695387840271 0.13804352283477783 0.1768115758895874
1 0.9304347634315491 0.5449275374412537 0.12391304969787598 0.1507246494293213
