2 0.66576087474823 0.4833333343267441 0.03804349899291992 0.05072465538978577
2 0.740217387676239 0.5536231994628906 0.0369565486907959 0.05217385292053223
1 0.645108699798584 0.35652172565460205 0.029347777366638184 0.05507248640060425
2 0.5967391133308411 0.5514492988586426 0.032608747482299805 0.04782605171203613
2 0.5972825884819031 0.40434783697128296 0.029347777366638184 0.04057973623275757
0 0.675000011920929 0.41449275612831116 0.026086926460266113 0.049275338649749756
2 0.5483695864677429 0.03840579930692911 0.03369569778442383 0.050724638625979424
0 0.6211956739425659 0.6688405871391296 0.02499997615814209 0.04492747783660889
2 0.19619564712047577 0.7202898263931274 0.01847827434539795 0.023188352584838867
1 0.1875 0.7384058237075806 0.025000005960464478 0.02753627300262451
2 0.6516304612159729 0.4326086938381195 0.027173876762390137 0.04492753744125366
