2 0.33423912525177 0.5166666656732559 0.03804349899291992 0.05072465538978577
2 0.259782612323761 0.4463768005371094 0.0369565486907959 0.05217385292053223
1 0.354891300201416 0.643478274345398 0.029347777366638184 0.05507248640060425
2 0.40326088666915894 0.4485507011413574 0.032608747482299805 0.04782605171203613
2 0.4027174115180969 0.595652163028717 0.029347777366638184 0.04057973623275757
0 0.32499998807907104 0.5855072438716888 0.026086926460266113 0.049275338649749756
2 0.4516304135322571 0.9615942006930709 0.03369569778442383 0.050724638625979424
0 0.3788043260574341 0.33115941286087036 0.02499997615814209 0.04492747783660889
2 0.803804337978363 0.27971017360687256 0.01847827434539795 0.023188352584838867
1 0.8125 0.26159417629241943 0.02499997615814209 0.02753627300262451
2 0.3483695387840271 0.5673913061618805 0.027173876762390137 0.04492753744125366
