0 0.034782588481903076 0.10217390581965446 0.06956517696380615 0.054347820580005646
0 0.17826086282730103 0.17119565606117249 0.07826089859008789 0.06630435585975647
0 0.16014492511749268 0.30000001192092896 0.0681159496307373 0.050000011920928955
0 0.08623188734054565 0.43967390060424805 0.0681159496307373 0.05108696222305298
2 0.38405799865722656 0.38206520676612854 0.12173914909362793 0.0684782862663269
2 0.5072463750839233 0.5168478637933731 0.104347825050354 0.07282611727714539
0 0.30942028760910034 0.3586956560611725 0.07971012592315674 0.052173912525177
0 0.21086955070495605 0.20597825944423676 0.06521737575531006 0.05543479323387146
2 0.36231881380081177 0.4847826063632965 0.09565222263336182 0.06956523656845093
0 0.14492756128311157 0.05760869383811951 0.05507242679595947 0.052173912525177
