0 0.8978261053562164 0.9652174115180969 0.05434781312942505 0.06956517696380615
0 0.8288043439388275 0.821739137172699 0.06630438566207886 0.07826089859008789
0 0.699999988079071 0.8398550748825073 0.05000007152557373 0.0681159496307373
0 0.560326099395752 0.9137681126594543 0.0510869026184082 0.0681159496307373
2 0.6179347932338715 0.6159420013427734 0.0684782862663269 0.12173914909362793
2 0.4831521511077881 0.49275362491607666 0.07282614707946777 0.104347825050354
0 0.6413043439388275 0.6905797123908997 0.052173912525177 0.07971012592315674
0 0.7940217554569244 0.789130449295044 0.05543476343154907 0.06521737575531006
2 0.5152173936367035 0.6376811861991882 0.06956523656845093 0.09565222263336182
0 0.9423913061618805 0.8550724387168884 0.052173912525177 0.05507242679595947
