2 0.479347825050354 0.3028985559940338 0.032608747482299805 0.04057973623275757
2 0.5163043439388275 0.3376811742782593 0.028260886669158936 0.04057973623275757
1 0.7538043558597565 0.40289855003356934 0.027173936367034912 0.04057973623275757
1 0.7146739363670349 0.48260870575904846 0.02499997615814209 0.02898550033569336
2 0.750543475151062 0.4485507309436798 0.03369569778442383 0.04492753744125366
0 0.14891302585601807 0.3637681305408478 0.02826082706451416 0.04057973623275757
0 0.15543478727340698 0.4101449251174927 0.02826082706451416 0.034782588481903076
2 0.5907608568668365 0.3036231994628906 0.027173936367034912 0.030434787273406982
1 0.658695638179779 0.29927536845207214 0.030434727668762207 0.03333336114883423
0 0.08478260040283203 0.4318840503692627 0.0369565486907959 0.03768116235733032
0 0.057608723640441895 0.3920289874076843 0.02826082706451416 0.04492753744125366
0 0.11250001192092896 0.3550724685192108 0.03152167797088623 0.04057973623275757
0 0.14456522464752197 0.5057970732450485 0.02826082706451416 0.04057970643043518
