2 0.520652174949646 0.3028985559940338 0.032608747482299805 0.04057973623275757
2 0.4836956560611725 0.3376811742782593 0.028260886669158936 0.04057973623275757
1 0.24619565904140472 0.40289855003356934 0.027173906564712524 0.04057973623275757
1 0.2853260934352875 0.48260870575904846 0.02499997615814209 0.02898550033569336
2 0.249456524848938 0.4485507309436798 0.03369563817977905 0.04492753744125366
0 0.8510869741439819 0.3637681305408478 0.02826082706451416 0.04057973623275757
0 0.844565212726593 0.4101449251174927 0.02826082706451416 0.034782588481903076
2 0.40923914313316345 0.3036231994628906 0.027173936367034912 0.030434787273406982
1 0.34130436182022095 0.29927536845207214 0.030434787273406982 0.03333336114883423
0 0.915217399597168 0.4318840503692627 0.0369565486907959 0.03768116235733032
0 0.9423912763595581 0.3920289874076843 0.02826082706451416 0.04492753744125366
0 0.887499988079071 0.3550724685192108 0.03152167797088623 0.04057973623275757
0 0.855434775352478 0.5057970732450485 0.02826082706451416 0.04057970643043518
