1 0.7760869562625885 0.5239130109548569 0.03260868787765503 0.04782608151435852
2 0.4423912763595581 0.260869562625885 0.05869567394256592 0.07536232471466064
2 0.36195653676986694 0.2971014380455017 0.04347825050354004 0.05797100067138672
2 0.509782612323761 0.23188406974077225 0.05652177333831787 0.06376813352108002
2 0.4826086759567261 0.35652172565460205 0.04999995231628418 0.06956523656845093
1 0.354347825050354 0.41956523060798645 0.04347825050354004 0.042028963565826416
1 0.27173912525177 0.3528985381126404 0.04347825050354004 0.039130449295043945
0 0.3163043260574341 0.41304346919059753 0.04130434989929199 0.02898550033569336
1 0.07119566202163696 0.34637680649757385 0.03152167797088623 0.052173912525177
2 0.34673911333084106 0.25652173161506653 0.04347825050354004 0.046376824378967285
2 0.395652174949646 0.25869566202163696 0.04347825050354004 0.05072462558746338
1 0.8983695805072784 0.384782612323761 0.03369563817977905 0.042028963565826416
2 0.03641301393508911 0.3188405930995941 0.03804349899291992 0.04347825050354004
2 0.2880434989929199 0.30942028760910034 0.032608747482299805 0.03333336114883423
2 0.2978261113166809 0.3855072557926178 0.03478264808654785 0.03768116235733032
2 0.6396739184856415 0.21739129722118378 0.0358695387840271 0.049275368452072144
2 0.09891301393508911 0.3695652186870575 0.032608747482299805 0.04347825050354004
2 0.261413037776947 0.28913044929504395 0.03369569778442383 0.039130449295043945
