1 0.2239130437374115 0.5239130109548569 0.03260868787765503 0.04782608151435852
2 0.5576087236404419 0.260869562625885 0.05869567394256592 0.07536232471466064
2 0.6380434632301331 0.2971014380455017 0.04347825050354004 0.05797100067138672
2 0.4902174025774002 0.23188406974077225 0.05652174353599548 0.06376813352108002
2 0.5173913091421127 0.35652172565460205 0.04999998211860657 0.06956523656845093
1 0.645652174949646 0.41956523060798645 0.04347825050354004 0.042028963565826416
1 0.72826087474823 0.3528985381126404 0.04347825050354004 0.039130449295043945
0 0.6836956739425659 0.41304346919059753 0.04130434989929199 0.02898550033569336
1 0.928804337978363 0.34637680649757385 0.03152167797088623 0.052173912525177
2 0.6532608866691589 0.25652173161506653 0.04347825050354004 0.046376824378967285
2 0.604347825050354 0.25869566202163696 0.04347825050354004 0.05072462558746338
1 0.10163043439388275 0.384782612323761 0.03369565308094025 0.042028963565826416
2 0.9635869860649109 0.3188405930995941 0.03804349899291992 0.04347825050354004
2 0.7119565010070801 0.30942028760910034 0.032608747482299805 0.03333336114883423
2 0.7021738886833191 0.3855072557926178 0.03478264808654785 0.03768116235733032
2 0.3603260815143585 0.21739129722118378 0.0358695387840271 0.049275368452072144
2 0.9010869860649109 0.3695652186870575 0.032608747482299805 0.04347825050354004
2 0.738586962223053 0.28913044929504395 0.03369569778442383 0.039130449295043945
