2 0.5684782266616821 0.40797102451324463 0.039130449295043945 0.056521713733673096
1 0.622826099395752 0.2601449266076088 0.032608747482299805 0.047826096415519714
0 0.4445652365684509 0.42536231875419617 0.02826082706451416 0.04782611131668091
0 0.636413037776947 0.5289855003356934 0.035869479179382324 0.04057967662811279
2 0.291847825050354 0.25217390805482864 0.03369569778442383 0.040579721331596375
0 0.2570652365684509 0.3557971119880676 0.03804349899291992 0.0362318754196167
0 0.4222826361656189 0.376086950302124 0.03369569778442383 0.06521737575531006
2 0.114673912525177 0.6985507011413574 0.048913002014160156 0.04347825050354004
0 0.29347825050354004 0.6594203114509583 0.02173912525177002 0.03768110275268555
1 0.64673912525177 0.5449275374412537 0.04782605171203613 0.03478264808654785
