1 0.33641302585601807 0.7949275374412537 0.07282614707946777 0.07101449370384216
1 0.4945651888847351 0.5463768243789673 0.039130449295043945 0.0724637508392334
2 0.4630434513092041 0.554347813129425 0.03478264808654785 0.0681159496307373
1 0.3891304135322571 0.9673913046717644 0.0739130973815918 0.06521739065647125
1 0.1717391014099121 0.6992753744125366 0.032608747482299805 0.07101452350616455
1 0.1298912763595581 0.7057971060276031 0.035869598388671875 0.06376808881759644
2 0.09510868787765503 0.6637681126594543 0.04673910140991211 0.07536232471466064
1 0.1717391014099121 0.6202898621559143 0.04130434989929199 0.052173912525177
1 0.8972826115787029 0.3442028760910034 0.0467391237616539 0.07101452350616455
0 0.864673912525177 0.4021739363670349 0.038043469190597534 0.07101452350616455
2 0.564130425453186 0.3166666626930237 0.04130434989929199 0.053623199462890625
0 0.3288043737411499 0.5079710185527802 0.04021739959716797 0.042028963565826416
1 0.2956521511077881 0.3579710125923157 0.04999995231628418 0.04057967662811279
0 0.8418478220701218 0.354347825050354 0.053260862827301025 0.07101452350616455
0 0.885326087474823 0.27898550033569336 0.038043469190597534 0.06231880187988281
0 0.8423912972211838 0.28840577602386475 0.03695651888847351 0.06666672229766846
