1 0.6635869741439819 0.7949275374412537 0.07282614707946777 0.07101449370384216
1 0.5054348111152649 0.5463768243789673 0.039130449295043945 0.0724637508392334
2 0.5369565486907959 0.554347813129425 0.03478264808654785 0.0681159496307373
1 0.6108695864677429 0.9673913046717644 0.0739130973815918 0.06521739065647125
1 0.8282608985900879 0.6992753744125366 0.032608747482299805 0.07101452350616455
1 0.8701087236404419 0.7057971060276031 0.035869598388671875 0.06376808881759644
2 0.904891312122345 0.6637681126594543 0.04673910140991211 0.07536232471466064
1 0.8282608985900879 0.6202898621559143 0.04130434989929199 0.052173912525177
1 0.10271738842129707 0.3442028760910034 0.0467391237616539 0.07101452350616455
0 0.135326087474823 0.4021739363670349 0.038043469190597534 0.07101452350616455
2 0.43586957454681396 0.3166666626930237 0.04130434989929199 0.053623199462890625
0 0.6711956262588501 0.5079710185527802 0.04021739959716797 0.042028963565826416
1 0.7043478488922119 0.3579710125923157 0.04999995231628418 0.04057967662811279
0 0.15815217792987823 0.354347825050354 0.053260862827301025 0.07101452350616455
0 0.114673912525177 0.27898550033569336 0.038043469190597534 0.06231880187988281
0 0.15760870277881622 0.28840577602386475 0.03695651888847351 0.06666672229766846
