0 0.29855072498321533 0.8891304135322571 0.026086926460266113 0.019565224647521973
1 0.16304348409175873 0.3701086938381195 0.027536243200302124 0.01413041353225708
1 0.5123188495635986 0.47663044929504395 0.015941977500915527 0.016304373741149902
0 0.5224637389183044 0.904347836971283 0.024637699127197266 0.015217423439025879
0 0.2746376693248749 0.914673924446106 0.027536213397979736 0.016304373741149902
1 0.18043477833271027 0.35652172565460205 0.02173912525177002 0.017391324043273926
0 0.7920289635658264 0.648369550704956 0.02753627300262451 0.01847827434539795
0 0.8144927620887756 0.5592391490936279 0.02898550033569336 0.01847827434539795
0 0.7847825884819031 0.512499988079071 0.024637699127197266 0.020652174949645996
0 0.802173912525177 0.469021737575531 0.024637699127197266 0.020652174949645996
0 0.8224637508392334 0.48260870575904846 0.02173912525177002 0.015217363834381104
0 0.769565224647522 0.4847826063632965 0.023188352584838867 0.015217363834381104
0 0.4840579628944397 0.8880434632301331 0.031884074211120605 0.015217423439025879
