0 0.11086958646774292 0.29855072498321533 0.019565224647521973 0.026086926460266113
1 0.6298913061618805 0.16304348409175873 0.01413041353225708 0.027536243200302124
1 0.523369550704956 0.5123188495635986 0.016304373741149902 0.015941977500915527
0 0.09565216302871704 0.5224637389183044 0.015217423439025879 0.024637699127197266
0 0.08532607555389404 0.2746376693248749 0.016304373741149902 0.027536213397979736
1 0.643478274345398 0.18043477833271027 0.017391324043273926 0.02173912525177002
0 0.35163044929504395 0.7920289635658264 0.01847827434539795 0.02753627300262451
0 0.44076085090637207 0.8144927620887756 0.01847827434539795 0.02898550033569336
0 0.48750001192092896 0.7847825884819031 0.020652174949645996 0.024637699127197266
0 0.530978262424469 0.802173912525177 0.020652174949645996 0.024637699127197266
0 0.5173912942409515 0.8224637508392334 0.015217363834381104 0.02173912525177002
0 0.5152173936367035 0.769565224647522 0.015217363834381104 0.023188352584838867
0 0.11195653676986694 0.4840579628944397 0.015217423439025879 0.031884074211120605
