2 0.46141305565834045 0.6000000238418579 0.08804351091384888 0.14782607555389404
2 0.31521740555763245 0.7101449370384216 0.12391304969787598 0.1768115758895874
2 0.17010869085788727 0.4528985619544983 0.08152174949645996 0.07101452350616455
1 0.11413044109940529 0.6811594367027283 0.10217391699552536 0.11884057521820068
2 0.08097825944423676 0.5811594128608704 0.08586956560611725 0.07826089859008789
1 0.8597826361656189 0.4123188257217407 0.04999995231628418 0.08550727367401123
0 0.863586962223053 0.2775362432003021 0.035869598388671875 0.05942028760910034
0 0.2657608687877655 0.31086957454681396 0.027173936367034912 0.0362318754196167
0 0.16032609343528748 0.186956524848938 0.027173906564712524 0.046376824378967285
0 0.2445652186870575 0.29347825050354004 0.02173912525177002 0.030434787273406982
