2 0.5385869443416595 0.3999999761581421 0.08804351091384888 0.14782607555389404
2 0.6847825944423676 0.28985506296157837 0.12391304969787598 0.1768115758895874
2 0.8298913091421127 0.5471014380455017 0.08152174949645996 0.07101452350616455
1 0.8858695589005947 0.31884056329727173 0.10217391699552536 0.11884057521820068
2 0.9190217405557632 0.41884058713912964 0.08586956560611725 0.07826089859008789
1 0.1402173638343811 0.5876811742782593 0.04999995231628418 0.08550727367401123
0 0.13641303777694702 0.7224637567996979 0.035869598388671875 0.05942028760910034
0 0.7342391312122345 0.689130425453186 0.027173936367034912 0.0362318754196167
0 0.8396739065647125 0.813043475151062 0.027173906564712524 0.046376824378967285
0 0.7554347813129425 0.70652174949646 0.02173912525177002 0.030434787273406982
