2 0.6320652067661285 0.04130434989929199 0.0684782862663269 0.08260869979858398
2 0.521195650100708 0.8963768109679222 0.06630432605743408 0.09130434691905975
0 0.436413049697876 0.715942032635212 0.05543482303619385 0.08695651590824127
2 0.38804346323013306 0.6847825944423676 0.05217397212982178 0.07391303777694702
2 0.4005434513092041 0.5884057879447937 0.057608723640441895 0.09855073690414429
2 0.8380434811115265 0.6007246375083923 0.04130434989929199 0.0362318754196167
2 0.616304337978363 0.8413043469190598 0.028260886669158936 0.04492753744125366
0 0.43913042545318604 0.5992753505706787 0.026086926460266113 0.053623199462890625
1 0.729347825050354 0.884782612323761 0.026086926460266113 0.04492753744125366
1 0.21739131212234497 0.1304348111152649 0.02826082706451416 0.05217397212982178
0 0.1929348111152649 0.1297101378440857 0.03369569778442383 0.05942034721374512
