2 0.36793479323387146 0.958695650100708 0.0684782862663269 0.08260869979858398
2 0.478804349899292 0.10362318903207779 0.06630432605743408 0.09130434691905975
0 0.563586950302124 0.28405796736478806 0.05543482303619385 0.08695651590824127
2 0.6119565367698669 0.31521740555763245 0.05217397212982178 0.07391303777694702
2 0.5994565486907959 0.4115942120552063 0.057608723640441895 0.09855073690414429
2 0.1619565188884735 0.39927536249160767 0.04130434989929199 0.0362318754196167
2 0.38369566202163696 0.15869565308094025 0.028260886669158936 0.04492753744125366
0 0.560869574546814 0.4007246494293213 0.026086926460266113 0.053623199462890625
1 0.270652174949646 0.11521738767623901 0.026086926460266113 0.04492753744125366
1 0.782608687877655 0.8695651888847351 0.02826082706451416 0.05217397212982178
0 0.8070651888847351 0.8702898621559143 0.03369569778442383 0.05942034721374512
