0 0.34184783697128296 0.740579716861248 0.04673910140991211 0.0782608836889267
2 0.46576085686683655 0.6731884181499481 0.07499998807907104 0.09710144996643066
2 0.36250001192092896 0.6413043439388275 0.07934784889221191 0.1086956262588501
0 0.3054347634315491 0.6644927561283112 0.04347825050354004 0.08260869979858398
2 0.5135869681835175 0.4695651978254318 0.07717388868331909 0.06666669249534607
0 0.54347825050354 0.4471014738082886 0.04782605171203613 0.04782605171203613
0 0.5048913359642029 0.40289855003356934 0.05978262424468994 0.04347825050354004
0 0.3298913240432739 0.469565212726593 0.042391300201416016 0.0724637508392334
0 0.5461956560611725 0.5144927501678467 0.046739161014556885 0.05797100067138672
0 0.31086957454681396 0.5971014499664307 0.04347825050354004 0.05797100067138672
2 0.32445651292800903 0.507971003651619 0.0510869026184082 0.0942029058933258
0 0.523369550704956 0.5644927620887756 0.03152179718017578 0.04782611131668091
0 0.5027174055576324 0.6094202995300293 0.031521737575531006 0.04782611131668091
