0 0.658152163028717 0.259420283138752 0.04673910140991211 0.0782608836889267
2 0.5342391282320023 0.3268115818500519 0.07500001788139343 0.09710144996643066
2 0.637499988079071 0.3586956560611725 0.07934784889221191 0.1086956262588501
0 0.6945652365684509 0.33550724387168884 0.04347825050354004 0.08260869979858398
2 0.48641303181648254 0.5304348021745682 0.07717388868331909 0.06666669249534607
0 0.45652174949645996 0.5528985261917114 0.04782611131668091 0.04782605171203613
0 0.4951086789369583 0.5971014499664307 0.059782594442367554 0.04347825050354004
0 0.6701086759567261 0.530434787273407 0.042391300201416016 0.0724637508392334
0 0.4538043439388275 0.4855072498321533 0.046739161014556885 0.05797100067138672
0 0.689130425453186 0.40289855003356934 0.04347825050354004 0.05797100067138672
2 0.675543487071991 0.49202899634838104 0.0510869026184082 0.0942029058933258
0 0.47663044929504395 0.43550723791122437 0.031521737575531006 0.04782611131668091
0 0.49728259444236755 0.3905797004699707 0.031521737575531006 0.04782611131668091
