2 0.2027173936367035 0.3753623068332672 0.11630433797836304 0.16521739959716797
1 0.43478259444236755 0.6963768005371094 0.09782606363296509 0.16666662693023682
2 0.509239137172699 0.7137681245803833 0.07934784889221191 0.13188409805297852
1 0.8489130139350891 0.043478261679410934 0.09565222263336182 0.08695652335882187
1 0.8701087236404419 0.44999998807907104 0.07500004768371582 0.09710144996643066
1 0.6418478488922119 0.502173900604248 0.08152174949645996 0.1405797004699707
1 0.5869565010070801 0.3920289874076843 0.08695650100708008 0.12898552417755127
1 0.6820651888847351 0.2652173936367035 0.07500004768371582 0.12753623723983765
1 0.5586956739425659 0.2492753565311432 0.08478260040283203 0.1246376633644104
1 0.5891304612159729 0.821739137172699 0.1086956262588501 0.13913047313690186
1 0.5179348140954971 0.8297101259231567 0.09673914313316345 0.13768112659454346
2 0.7331521511077881 0.5340579748153687 0.10326087474822998 0.16086959838867188
