2 0.7972826063632965 0.3753623068332672 0.11630433797836304 0.16521739959716797
1 0.5652174055576324 0.6963768005371094 0.09782606363296509 0.16666662693023682
2 0.490760862827301 0.7137681245803833 0.07934784889221191 0.13188409805297852
1 0.1510869860649109 0.043478261679410934 0.09565222263336182 0.08695652335882187
1 0.1298912763595581 0.44999998807907104 0.07500004768371582 0.09710144996643066
1 0.3581521511077881 0.502173900604248 0.08152174949645996 0.1405797004699707
1 0.4130434989929199 0.3920289874076843 0.08695650100708008 0.12898552417755127
1 0.3179348111152649 0.2652173936367035 0.07500004768371582 0.12753623723983765
1 0.4413043260574341 0.2492753565311432 0.08478260040283203 0.1246376633644104
1 0.4108695387840271 0.821739137172699 0.1086956262588501 0.13913047313690186
1 0.4820651710033417 0.8297101259231567 0.09673911333084106 0.13768112659454346
2 0.2668478488922119 0.5340579748153687 0.10326087474822998 0.16086959838867188
