2 0.20271739130434782 0.3753623188405795 0.11630434782608692 0.16521739130434773
1 0.43478260869565216 0.696376811594203 0.09782608695652172 0.16666666666666663
2 0.5092391304347826 0.713768115942029 0.0793478260869565 0.13188405797101452
1 0.8489130434782609 0.043478260869565216 0.09565217391304358 0.08695652173913043
1 0.8701086956521739 0.45 0.075 0.09710144927536234
1 0.6418478260869566 0.5021739130434782 0.08152173913043477 0.14057971014492757
1 0.5869565217391304 0.3920289855072464 0.08695652173913054 0.1289855072463768
1 0.6820652173913043 0.2652173913043478 0.075 0.12753623188405794
1 0.5586956521739129 0.2492753623188405 0.08478260869565224 0.12463768115942032
1 0.5891304347826085 0.8217391304347822 0.10869565217391354 0.13913043478260803
1 0.5179347826086956 0.8297101449275363 0.09673913043478258 0.1376811594202897
2 0.7331521739130434 0.5340579710144928 0.10326086956521735 0.16086956521739132
