1 0.875 0.636956512928009 0.08478260040283203 0.07681161165237427
0 0.7456521987915039 0.7811594158411026 0.05217385292053223 0.057971030473709106
0 0.35163044929504395 0.9057971015572548 0.14673912525177002 0.14782609045505524
0 0.5652173757553101 0.7565217539668083 0.04999995231628418 0.04637680947780609
0 0.5380434989929199 0.8014492690563202 0.045652151107788086 0.05507245659828186
0 0.9614130258560181 0.6681159436702728 0.07717394828796387 0.06666666269302368
2 0.634782612323761 0.32971012592315674 0.039130449295043945 0.04782605171203613
1 0.49239131808280945 0.33623188734054565 0.034782588481903076 0.04347825050354004
2 0.07717391848564148 0.6746376752853394 0.043478310108184814 0.08550727367401123
2 0.1201086938381195 0.9036231897771358 0.053260862827301025 0.09710144251585007
