1 0.636956512928009 0.125 0.07681161165237427 0.08478260040283203
0 0.7811594158411026 0.2543478012084961 0.057971030473709106 0.05217385292053223
0 0.9057971015572548 0.648369550704956 0.14782609045505524 0.14673912525177002
0 0.7565217539668083 0.43478262424468994 0.04637680947780609 0.04999995231628418
0 0.8014492690563202 0.4619565010070801 0.05507245659828186 0.045652151107788086
0 0.6681159436702728 0.038586974143981934 0.06666666269302368 0.07717394828796387
2 0.32971012592315674 0.365217387676239 0.04782605171203613 0.039130449295043945
1 0.33623188734054565 0.5076086819171906 0.04347825050354004 0.034782588481903076
2 0.6746376752853394 0.9228260815143585 0.08550727367401123 0.043478310108184814
2 0.9036231897771358 0.8798913061618805 0.09710144251585007 0.053260862827301025
