2 0.541304349899292 0.8398550748825073 0.04347825050354004 0.07101452350616455
2 0.44565218687057495 0.832608699798584 0.04999995231628418 0.07101452350616455
2 0.363586962223053 0.6420289874076843 0.07500004768371582 0.08985507488250732
1 0.22010868787765503 0.7115942239761353 0.05978262424468994 0.05797100067138672
2 0.4521738886833191 0.269565224647522 0.06521737575531006 0.08115941286087036
1 0.489130437374115 0.34710144996643066 0.06521737575531006 0.056521713733673096
1 0.38858693838119507 0.44565218687057495 0.06413042545318604 0.0884057879447937
0 0.655978262424469 0.552173912525177 0.051087021827697754 0.05507242679595947
0 0.637499988079071 0.7405797243118286 0.05543482303619385 0.05507242679595947
1 0.655434787273407 0.8311594128608704 0.06956517696380615 0.0681159496307373
1 0.8418478071689606 0.06086956337094307 0.05108696222305298 0.04927536100149155
1 0.8826087117195129 0.11304347962141037 0.039130449295043945 0.07536230981349945
