1 0.5027173913043478 0.05144927536231884 0.07717391304347826 0.10289855072463767
2 0.3353260869565217 0.508695652173913 0.061956521739130396 0.10724637681159421
1 0.47608695652173916 0.26086956521739135 0.07391304347826079 0.12463768115942027
2 0.44239130434782603 0.11956521739130427 0.09347826086956522 0.12318840579710134
1 0.6048913043478266 0.15579710144927536 0.06847826086956524 0.10579710144927536
1 0.7157608695652173 0.04420289855072463 0.06413043478260874 0.07971014492753623
1 0.5369565217391304 0.14202898550724638 0.07173913043478251 0.07536231884057973
1 0.5320652173913044 0.2644927536231884 0.07065217391304351 0.11159420289855071
2 0.37717391304347814 0.7202898550724635 0.05869565217391301 0.11014492753623176
1 0.328804347826087 0.19420289855072465 0.06630434782608699 0.07246376811594203
1 0.8782608695652175 0.07246376811594203 0.06956521739130438 0.08405797101449275
2 0.40869565217391296 0.7934782608695653 0.054347826086956486 0.07971014492753625
