1 0.49728262424468994 0.05144927650690079 0.07717394828796387 0.10289855301380157
2 0.664673924446106 0.508695662021637 0.06195652484893799 0.10724639892578125
1 0.5239130556583405 0.260869562625885 0.07391303777694702 0.1246376633644104
2 0.5576086938381195 0.1195652186870575 0.093478262424469 0.12318840622901917
1 0.395108699798584 0.1557970941066742 0.06847822666168213 0.10579711198806763
1 0.28423911333084106 0.04420289769768715 0.06413042545318604 0.07971014827489853
1 0.4630434513092041 0.14202898740768433 0.0717390775680542 0.07536232471466064
1 0.467934787273407 0.2644927501678467 0.07065212726593018 0.11159420013427734
2 0.622826099395752 0.7202898263931274 0.05869567394256592 0.1101449728012085
1 0.6711956858634949 0.19420289993286133 0.06630432605743408 0.0724637508392334
1 0.12173914909362793 0.07246376574039459 0.06956517696380615 0.08405797183513641
2 0.591304361820221 0.79347825050354 0.054347872734069824 0.07971012592315674
