1 0.5239130556583405 0.6340579688549042 0.052173912525177 0.06521737575531006
1 0.5668478310108185 0.5615941882133484 0.053260862827301025 0.05942028760910034
2 0.45652174949645996 0.4840579628944397 0.04782605171203613 0.0724637508392334
2 0.5146739184856415 0.4318840503692627 0.04891306161880493 0.060869574546813965
0 0.5657608509063721 0.4463768005371094 0.04456520080566406 0.03768110275268555
0 0.6402174234390259 0.4384058117866516 0.0369565486907959 0.07101452350616455
1 0.32445651292800903 0.2594202756881714 0.042391300201416016 0.06666672229766846
1 0.1918478012084961 0.32463765144348145 0.0510869026184082 0.06376814842224121
0 0.643478274345398 0.3391304612159729 0.04782605171203613 0.05507242679595947
0 0.721195638179779 0.31521737575531006 0.04891312122344971 0.05652177333831787
0 0.4211956262588501 0.43478262424468994 0.03804349899291992 0.046376824378967285
