1 0.3659420311450958 0.47608694434165955 0.06521737575531006 0.052173912525177
1 0.4384058117866516 0.4331521689891815 0.05942028760910034 0.053260862827301025
2 0.5159420371055603 0.54347825050354 0.0724637508392334 0.04782605171203613
2 0.5681159496307373 0.4853260815143585 0.060869574546813965 0.04891306161880493
0 0.5536231994628906 0.43423914909362793 0.03768110275268555 0.04456520080566406
0 0.5615941882133484 0.3597825765609741 0.07101452350616455 0.0369565486907959
1 0.7405797243118286 0.675543487071991 0.06666672229766846 0.042391300201416016
1 0.6753623485565186 0.8081521987915039 0.06376814842224121 0.0510869026184082
0 0.6608695387840271 0.35652172565460205 0.05507242679595947 0.04782605171203613
0 0.6847826242446899 0.27880436182022095 0.05652177333831787 0.04891312122344971
0 0.5652173757553101 0.5788043737411499 0.046376824378967285 0.03804349899291992
