2 0.6862318813800812 0.3815217614173889 0.09420287609100342 0.06956517696380615
1 0.3949275612831116 0.1097826361656189 0.08840584754943848 0.07608699798583984
2 0.5297101438045502 0.426630437374115 0.09130436182022095 0.07500004768371582
0 0.6101449131965637 0.5152173936367035 0.09855073690414429 0.07608693838119507
1 0.40869563817977905 0.45108693838119507 0.08115947246551514 0.08695650100708008
0 0.4905797392129898 0.3494565486907959 0.09130433201789856 0.05978262424468994
2 0.1297101378440857 0.8722826242446899 0.05942034721374512 0.042391300201416016
1 0.10797101259231567 0.9744565188884735 0.05652177333831787 0.03369563817977905
0 0.023188412189483643 0.6608695983886719 0.046376824378967285 0.045652151107788086
1 0.16884058713912964 0.8869565427303314 0.04492747783660889 0.034782588481903076
0 0.38768118619918823 0.958695650100708 0.0362318754196167 0.039130449295043945
