2 0.3815217614173889 0.3137681186199188 0.06956517696380615 0.09420287609100342
1 0.1097826361656189 0.6050724387168884 0.07608699798583984 0.08840584754943848
2 0.426630437374115 0.47028985619544983 0.07500004768371582 0.09130436182022095
0 0.5152173936367035 0.3898550868034363 0.07608693838119507 0.09855073690414429
1 0.45108693838119507 0.591304361820221 0.08695650100708008 0.08115947246551514
0 0.3494565486907959 0.5094202607870102 0.05978262424468994 0.09130433201789856
2 0.8722826242446899 0.8702898621559143 0.042391300201416016 0.05942034721374512
1 0.9744565188884735 0.8920289874076843 0.03369563817977905 0.05652177333831787
0 0.6608695983886719 0.9768115878105164 0.045652151107788086 0.046376824378967285
1 0.8869565427303314 0.8311594128608704 0.034782588481903076 0.04492747783660889
0 0.958695650100708 0.6123188138008118 0.039130449295043945 0.0362318754196167
