2 0.44456520676612854 0.323913037776947 0.02608698606491089 0.0362318754196167
1 0.5445652008056641 0.5246376693248749 0.02173912525177002 0.02898550033569336
1 0.6173912882804871 0.6362318694591522 0.019565224647521973 0.031884074211120605
2 0.533152163028717 0.5949275493621826 0.022826075553894043 0.039130449295043945
2 0.458152174949646 0.7485507056117058 0.027173995971679688 0.033333346247673035
1 0.11576086282730103 0.5507246255874634 0.027173876762390137 0.034782588481903076
1 0.02228260040283203 0.7318840622901917 0.027173876762390137 0.031884074211120605
1 0.12173911929130554 0.6224637627601624 0.030434787273406982 0.03333336114883423
1 0.2657608389854431 0.5173912942409515 0.022826075553894043 0.03768116235733032
2 0.385869562625885 0.4210144877433777 0.019565224647521973 0.024637699127197266
1 0.08097824454307556 0.5492753684520721 0.025000035762786865 0.04057973623275757
