2 0.5554347932338715 0.676086962223053 0.02608698606491089 0.0362318754196167
1 0.45543479919433594 0.4753623306751251 0.02173912525177002 0.02898550033569336
1 0.38260871171951294 0.3637681305408478 0.019565224647521973 0.031884074211120605
2 0.46684783697128296 0.4050724506378174 0.022826075553894043 0.039130449295043945
2 0.541847825050354 0.2514492943882942 0.027173995971679688 0.033333346247673035
1 0.884239137172699 0.4492753744125366 0.027173876762390137 0.034782588481903076
1 0.977717399597168 0.26811593770980835 0.027173876762390137 0.031884074211120605
1 0.8782608807086945 0.37753623723983765 0.030434787273406982 0.03333336114883423
1 0.7342391610145569 0.48260870575904846 0.022826075553894043 0.03768116235733032
2 0.614130437374115 0.5789855122566223 0.019565224647521973 0.024637699127197266
1 0.9190217554569244 0.45072463154792786 0.025000035762786865 0.04057973623275757
