2 0.426086962223053 0.3166666626930237 0.08043479919433594 0.11159420013427734
2 0.3266304135322571 0.417391300201416 0.08369565010070801 0.10724639892578125
0 0.3391304612159729 0.5724637508392334 0.054347872734069824 0.09565222263336182
0 0.28260868787765503 0.7746376991271973 0.06956517696380615 0.08260869979858398
0 0.302173912525177 0.8731883764266968 0.07608699798583984 0.07971012592315674
0 0.1831521987915039 0.7789855003356934 0.07500004768371582 0.08260869979858398
0 0.365217387676239 0.9108695387840271 0.060869574546813965 0.06521737575531006
2 0.4228261113166809 0.49347828328609467 0.08043479919433594 0.10869565606117249
0 0.6217391490936279 0.43913042545318604 0.0369565486907959 0.06666666269302368
0 0.679347813129425 0.4123188257217407 0.045652151107788086 0.06231886148452759
0 0.5548913180828094 0.4123188257217407 0.03369563817977905 0.056521713733673096
0 0.261413037776947 0.7057970762252808 0.06630432605743408 0.0724637508392334
0 0.6206521987915039 0.499275341629982 0.045652151107788086 0.05362316966056824
