2 0.426086962223053 0.6833333373069763 0.08043479919433594 0.11159420013427734
2 0.3266304135322571 0.582608699798584 0.08369565010070801 0.10724639892578125
0 0.3391304612159729 0.4275362491607666 0.054347872734069824 0.09565222263336182
0 0.28260868787765503 0.22536230087280273 0.06956517696380615 0.08260869979858398
0 0.302173912525177 0.12681162357330322 0.07608699798583984 0.07971012592315674
0 0.1831521987915039 0.22101449966430664 0.07500004768371582 0.08260869979858398
0 0.365217387676239 0.0891304612159729 0.060869574546813965 0.06521737575531006
2 0.4228261113166809 0.5065217167139053 0.08043479919433594 0.10869565606117249
0 0.6217391490936279 0.560869574546814 0.0369565486907959 0.06666666269302368
0 0.679347813129425 0.5876811742782593 0.045652151107788086 0.06231886148452759
0 0.5548913180828094 0.5876811742782593 0.03369563817977905 0.056521713733673096
0 0.261413037776947 0.29420292377471924 0.06630432605743408 0.0724637508392334
0 0.6206521987915039 0.500724658370018 0.045652151107788086 0.05362316966056824
