2 0.717934787273407 0.25652173161506653 0.05543482303619385 0.060869574546813965
0 0.5554347634315491 0.12318840250372887 0.04347825050354004 0.057971008121967316
0 0.6070652008056641 0.13405796885490417 0.03152179718017578 0.04782608151435852
0 0.70652174949646 0.3333333432674408 0.045652151107788086 0.052173912525177
1 0.7369565367698669 0.47608695924282074 0.0369565486907959 0.05072465538978577
0 0.685326099395752 0.4739130288362503 0.035869598388671875 0.06086954474449158
0 0.624456524848938 0.35724636912345886 0.03804349899291992 0.042028963565826416
2 0.015217390842735767 0.5623188614845276 0.030434781685471535 0.0724637508392334
0 0.04945652186870575 0.5442029237747192 0.044565215706825256 0.039130449295043945
0 0.056521739810705185 0.47826087474823 0.04565217345952988 0.03768116235733032
0 0.04891304112970829 0.4376811683177948 0.03913043066859245 0.04057973623275757
0 0.06847826391458511 0.4007246494293213 0.03695651888847351 0.04782611131668091
2 0.5255434513092041 0.4782608598470688 0.03804349899291992 0.052173882722854614
1 0.591847836971283 0.5152173638343811 0.02499997615814209 0.039130449295043945
0 0.04891304299235344 0.5021738857030869 0.03478261083364487 0.030434757471084595
