2 0.282065212726593 0.25652173161506653 0.05543482303619385 0.060869574546813965
0 0.4445652365684509 0.12318840250372887 0.04347825050354004 0.057971008121967316
0 0.39293479919433594 0.13405796885490417 0.03152179718017578 0.04782608151435852
0 0.29347825050354004 0.3333333432674408 0.045652151107788086 0.052173912525177
1 0.26304346323013306 0.47608695924282074 0.0369565486907959 0.05072465538978577
0 0.31467390060424805 0.4739130288362503 0.035869598388671875 0.06086954474449158
0 0.375543475151062 0.35724636912345886 0.03804349899291992 0.042028963565826416
2 0.9847826063632965 0.5623188614845276 0.030434787273406982 0.0724637508392334
0 0.9505434632301331 0.5442029237747192 0.04456520080566406 0.039130449295043945
0 0.9434782564640045 0.47826087474823 0.04565221071243286 0.03768116235733032
0 0.9510869681835175 0.4376811683177948 0.03913038969039917 0.04057973623275757
0 0.9315217435359955 0.4007246494293213 0.03695648908615112 0.04782611131668091
2 0.4744565486907959 0.4782608598470688 0.03804349899291992 0.052173882722854614
1 0.40815216302871704 0.5152173638343811 0.02499997615814209 0.039130449295043945
0 0.9510869681835175 0.5021738857030869 0.034782588481903076 0.030434757471084595
