1 0.8275362253189087 0.9722826182842255 0.049275368452072144 0.031521737575531006
1 0.7608695551753044 0.9864130318164825 0.055072471499443054 0.027173936367034912
1 0.3702898621559143 0.09510868787765503 0.05652177333831787 0.029347777366638184
0 0.7210144996643066 0.027717411518096924 0.042028963565826416 0.029347777366638184
2 0.6644927561283112 0.19021737575531006 0.03333336114883423 0.02173912525177002
2 0.480434775352478 0.553260862827301 0.02753627300262451 0.023913025856018066
1 0.5760869681835175 0.719021737575531 0.03333336114883423 0.02499997615814209
0 0.7246376872062683 0.2673913240432739 0.034782588481903076 0.032608747482299805
0 0.7181159555912018 0.0994565486907959 0.03333336114883423 0.020652174949645996
2 0.35144925117492676 0.12608695030212402 0.04492759704589844 0.02826082706451416
0 0.6615942120552063 0.24673914909362793 0.042028963565826416 0.03478264808654785
