1 0.9722826182842255 0.1724637746810913 0.031521737575531006 0.049275368452072144
1 0.9864130318164825 0.2391304448246956 0.027173936367034912 0.055072471499443054
1 0.09510868787765503 0.6297101378440857 0.029347777366638184 0.05652177333831787
0 0.027717411518096924 0.27898550033569336 0.029347777366638184 0.042028963565826416
2 0.19021737575531006 0.33550724387168884 0.02173912525177002 0.03333336114883423
2 0.553260862827301 0.519565224647522 0.023913025856018066 0.02753627300262451
1 0.719021737575531 0.42391303181648254 0.02499997615814209 0.03333336114883423
0 0.2673913240432739 0.2753623127937317 0.032608747482299805 0.034782588481903076
0 0.0994565486907959 0.2818840444087982 0.020652174949645996 0.03333336114883423
2 0.12608695030212402 0.6485507488250732 0.02826082706451416 0.04492759704589844
0 0.24673914909362793 0.3384057879447937 0.03478264808654785 0.042028963565826416
