2 0.5420289933681488 0.156521737575531 0.049275338649749756 0.02826082706451416
1 0.22536230087280273 0.23097825050354004 0.04492759704589844 0.035869598388671875
0 0.15942031145095825 0.22010868787765503 0.03478264808654785 0.027173876762390137
2 0.7050724625587463 0.2978261113166809 0.04492753744125366 0.02826082706451416
2 0.7840579748153687 0.386413037776947 0.031884074211120605 0.027173876762390137
1 0.7666666731238365 0.332608699798584 0.03768114745616913 0.026086926460266113
1 0.8079710155725479 0.271195650100708 0.03913041949272156 0.027173876762390137
0 0.5463768243789673 0.25 0.04057973623275757 0.02173912525177002
1 0.5463768243789673 0.20978260040283203 0.04347825050354004 0.030434727668762207
0 0.5398550629615784 0.45597827434539795 0.03333336114883423 0.022826075553894043
0 0.5362318754196167 0.18586957454681396 0.034782588481903076 0.02826082706451416
0 0.5695652067661285 0.1820651888847351 0.03768116235733032 0.029347777366638184
