2 0.156521737575531 0.4579710066318512 0.02826082706451416 0.049275338649749756
1 0.23097825050354004 0.7746376991271973 0.035869598388671875 0.04492759704589844
0 0.22010868787765503 0.8405796885490417 0.027173876762390137 0.03478264808654785
2 0.2978261113166809 0.29492753744125366 0.02826082706451416 0.04492753744125366
2 0.386413037776947 0.21594202518463135 0.027173876762390137 0.031884074211120605
1 0.332608699798584 0.23333332687616348 0.026086926460266113 0.03768114745616913
1 0.271195650100708 0.1920289844274521 0.027173876762390137 0.03913041949272156
0 0.25 0.4536231756210327 0.02173912525177002 0.04057973623275757
1 0.20978260040283203 0.4536231756210327 0.030434727668762207 0.04347825050354004
0 0.45597827434539795 0.46014493703842163 0.022826075553894043 0.03333336114883423
0 0.18586957454681396 0.4637681245803833 0.02826082706451416 0.034782588481903076
0 0.1820651888847351 0.43043479323387146 0.029347777366638184 0.03768116235733032
