2 0.4579710066318512 0.843478262424469 0.049275338649749756 0.02826082706451416
1 0.7746376991271973 0.76902174949646 0.04492759704589844 0.035869598388671875
0 0.8405796885490417 0.779891312122345 0.03478264808654785 0.027173876762390137
2 0.29492753744125366 0.7021738886833191 0.04492753744125366 0.02826082706451416
2 0.21594202518463135 0.613586962223053 0.031884074211120605 0.027173876762390137
1 0.23333332687616348 0.667391300201416 0.03768114745616913 0.026086926460266113
1 0.1920289844274521 0.728804349899292 0.03913041949272156 0.027173876762390137
0 0.4536231756210327 0.75 0.04057973623275757 0.02173912525177002
1 0.4536231756210327 0.790217399597168 0.04347825050354004 0.030434727668762207
0 0.46014493703842163 0.544021725654602 0.03333336114883423 0.022826075553894043
0 0.4637681245803833 0.814130425453186 0.034782588481903076 0.02826082706451416
0 0.43043479323387146 0.8179348111152649 0.03768116235733032 0.029347777366638184
