0 0.407065212726593 0.23260869085788727 0.06413042545318604 0.09999999403953552
0 0.6000000238418579 0.2956521809101105 0.06521737575531006 0.08985507488250732
0 0.616847813129425 0.42391303181648254 0.07065212726593018 0.09130436182022095
0 0.833152174949646 0.2811594307422638 0.07282614707946777 0.104347825050354
0 0.39673912525177 0.1557970941066742 0.07391303777694702 0.08550724387168884
0 0.23532607406377792 0.49202896654605865 0.06630434095859528 0.09710142016410828
0 0.21086956560611725 0.7036231756210327 0.0673913061618805 0.09420287609100342
0 0.551630437374115 0.5840579867362976 0.07934784889221191 0.10144925117492676
0 0.719021737575531 0.8210144639015198 0.06630432605743408 0.09710144996643066
0 0.781521737575531 0.7673913240432739 0.0673912763595581 0.08550727367401123
0 0.500543475151062 0.2246376797556877 0.06413042545318604 0.08695651590824127
0 0.37228259444236755 0.36086955666542053 0.07065218687057495 0.08985507488250732
0 0.30434781312942505 0.12391304597258568 0.0673912763595581 0.09710145741701126
