0 0.4070652173913043 0.2326086956521739 0.0641304347826086 0.09999999999999996
0 0.6 0.2956521739130435 0.06521739130434774 0.08985507246376813
0 0.6168478260869565 0.42391304347826086 0.07065217391304345 0.09130434782608703
0 0.8331521739130434 0.281159420289855 0.07282608695652172 0.10434782608695649
0 0.39673913043478265 0.15579710144927536 0.07391304347826086 0.0855072463768116
0 0.23532608695652182 0.4920289855072463 0.06630434782608717 0.09710144927536209
0 0.21086956521739134 0.7036231884057971 0.06739130434782609 0.09420289855072468
0 0.5516304347826086 0.5840579710144929 0.07934782608695656 0.1014492753623189
0 0.7190217391304347 0.8210144927536231 0.06630434782608702 0.09710144927536234
0 0.7815217391304347 0.7673913043478261 0.06739130434782609 0.08550724637681156
0 0.5005434782608696 0.2246376811594202 0.0641304347826086 0.08695652173913034
0 0.37228260869565216 0.36086956521739133 0.07065217391304345 0.08985507246376813
0 0.3043478260869565 0.12391304347826086 0.06739130434782606 0.09710144927536231
