0 0.592934787273407 0.7673913091421127 0.06413042545318604 0.09999999403953552
0 0.3999999761581421 0.7043478190898895 0.06521737575531006 0.08985507488250732
0 0.38315218687057495 0.5760869681835175 0.07065212726593018 0.09130436182022095
0 0.166847825050354 0.7188405692577362 0.07282614707946777 0.104347825050354
0 0.60326087474823 0.8442029058933258 0.0739130973815918 0.08550724387168884
0 0.7646739184856415 0.5079710334539413 0.06630438566207886 0.09710142016410828
0 0.7891304194927216 0.2963768243789673 0.06739133596420288 0.09420287609100342
0 0.448369562625885 0.4159420132637024 0.07934784889221191 0.10144925117492676
0 0.280978262424469 0.17898553609848022 0.06630432605743408 0.09710144996643066
0 0.218478262424469 0.23260867595672607 0.0673912763595581 0.08550727367401123
0 0.499456524848938 0.7753623202443123 0.06413042545318604 0.08695651590824127
0 0.6277174055576324 0.6391304433345795 0.07065218687057495 0.08985507488250732
0 0.695652186870575 0.8760869540274143 0.0673912763595581 0.09710145741701126
