2 0.5565217733383179 0.33115941286087036 0.04130434989929199 0.056521713733673096
1 0.7668478190898895 0.36304348707199097 0.0358695387840271 0.042028963565826416
1 0.9722825884819031 0.6731883883476257 0.04021739959716797 0.05072462558746338
2 0.9646739065647125 0.21014492213726044 0.03369563817977905 0.052173912525177
2 0.47608697414398193 0.4630434811115265 0.04130434989929199 0.056521713733673096
2 0.21195650100708008 0.6427536010742188 0.045652151107788086 0.053623199462890625
0 0.2978261113166809 0.5050724893808365 0.045652151107788086 0.04492756724357605
1 0.4858695864677429 0.37826088070869446 0.04347825050354004 0.049275338649749756
0 0.9413043260574341 0.7036231756210327 0.039130449295043945 0.039130449295043945
0 0.8597826063632965 0.6123188138008118 0.028260886669158936 0.030434727668762207
0 0.5592391192913055 0.38840579986572266 0.027173936367034912 0.04347825050354004
0 0.15978258848190308 0.6507246494293213 0.04999995231628418 0.046376824378967285
0 0.6119565069675446 0.40434783697128296 0.03260868787765503 0.04057973623275757
0 0.573913037776947 0.2971014380455017 0.032608628273010254 0.046376824378967285
0 0.3500000238418579 0.48260872066020966 0.032608747482299805 0.04347828030586243
0 0.8255434930324554 0.7043478488922119 0.02934783697128296 0.03478264808654785
2 0.958152174949646 0.7753623127937317 0.029347777366638184 0.031884074211120605
0 0.9342391192913055 0.593478262424469 0.031521737575531006 0.0362318754196167
0 0.719021737575531 0.4731884002685547 0.027173876762390137 0.039130449295043945
0 0.592934787273407 0.33695653080940247 0.03152167797088623 0.0362318754196167
0 0.5 0.343478262424469 0.032608747482299805 0.03768116235733032
0 0.4326087236404419 0.5065217614173889 0.030434727668762207 0.0362318754196167
0 0.23152172565460205 0.5927536487579346 0.032608747482299805 0.04347825050354004
0 0.685869574546814 0.48115941882133484 0.02826094627380371 0.034782588481903076
0 0.895652174949646 0.6181159615516663 0.023913025856018066 0.0362318754196167
