1 0.17101448774337769 0.625 0.07536232471466064 0.03478264808654785
0 0.12173914909362793 0.6842391490936279 0.060869574546813965 0.035869598388671875
2 0.5159420371055603 0.5902174115180969 0.08985507488250732 0.0673912763595581
2 0.5586956441402435 0.7130434513092041 0.07391303777694702 0.06304347515106201
2 0.7159420177340508 0.695652186870575 0.10724638402462006 0.0673912763595581
2 0.6804347932338715 0.4010869562625885 0.08550721406936646 0.05434781312942505
0 0.5971014499664307 0.41358694434165955 0.052173912525177 0.046739161014556885
0 0.6608695685863495 0.4429347813129425 0.05507248640060425 0.046739161014556885
2 0.7753623053431511 0.633152186870575 0.0782608836889267 0.04456520080566406
2 0.8586956523358822 0.5766304135322571 0.07681160420179367 0.042391300201416016
0 0.9173913076519966 0.5249999761581421 0.04637680947780609 0.039130449295043945
1 0.291304349899292 0.8782608509063721 0.060869574546813965 0.04999995231628418
2 0.8789855092763901 0.554347813129425 0.04782608151435852 0.045652151107788086
