1 0.375 0.17101448774337769 0.03478264808654785 0.07536232471466064
0 0.31576085090637207 0.12173914909362793 0.035869598388671875 0.060869574546813965
2 0.4097825884819031 0.5159420371055603 0.0673912763595581 0.08985507488250732
2 0.2869565486907959 0.5586956441402435 0.06304347515106201 0.07391303777694702
2 0.30434781312942505 0.7159420177340508 0.0673912763595581 0.10724638402462006
2 0.5989130437374115 0.6804347932338715 0.05434781312942505 0.08550721406936646
0 0.5864130556583405 0.5971014499664307 0.046739161014556885 0.052173912525177
0 0.5570652186870575 0.6608695685863495 0.046739161014556885 0.05507248640060425
2 0.36684781312942505 0.7753623053431511 0.04456520080566406 0.0782608836889267
2 0.4233695864677429 0.8586956523358822 0.042391300201416016 0.07681160420179367
0 0.4750000238418579 0.9173913076519966 0.039130449295043945 0.04637680947780609
1 0.12173914909362793 0.291304349899292 0.04999995231628418 0.060869574546813965
2 0.44565218687057495 0.8789855092763901 0.045652151107788086 0.04782608151435852
