1 0.625 0.8289855122566223 0.03478264808654785 0.07536232471466064
0 0.6842391490936279 0.8782608509063721 0.035869598388671875 0.060869574546813965
2 0.5902174115180969 0.4840579628944397 0.0673912763595581 0.08985507488250732
2 0.7130434513092041 0.44130435585975647 0.06304347515106201 0.07391303777694702
2 0.695652186870575 0.28405798226594925 0.0673912763595581 0.10724638402462006
2 0.4010869562625885 0.31956520676612854 0.05434781312942505 0.08550721406936646
0 0.41358694434165955 0.40289855003356934 0.046739161014556885 0.052173912525177
0 0.4429347813129425 0.3391304314136505 0.046739161014556885 0.05507248640060425
2 0.633152186870575 0.2246376946568489 0.04456520080566406 0.0782608836889267
2 0.5766304135322571 0.1413043476641178 0.042391300201416016 0.07681160420179367
0 0.5249999761581421 0.08260869234800339 0.039130449295043945 0.04637680947780609
1 0.8782608509063721 0.708695650100708 0.04999995231628418 0.060869574546813965
2 0.554347813129425 0.12101449072360992 0.045652151107788086 0.04782608151435852
