2 0.3527173913043478 0.1355072463768116 0.0793478260869565 0.10869565217391307
2 0.39293478260869563 0.527536231884058 0.07500000000000007 0.10434782608695656
2 0.5548913043478261 0.5492753623188404 0.07934782608695656 0.1101449275362318
2 0.4597826086956522 0.8253623188405796 0.08913043478260868 0.1
2 0.4222826086956522 0.7492753623188406 0.07934782608695656 0.10724637681159421
2 0.508695652173913 0.7673913043478261 0.08043478260869563 0.10869565217391312
2 0.5597826086956522 0.6862318840579711 0.07608695652173914 0.11159420289855071
1 0.453804347826087 0.5144927536231885 0.05978260869565219 0.07536231884057976
2 0.791304347826087 0.3159420289855073 0.07391304347826093 0.09275362318840578
2 0.7190217391304347 0.4710144927536233 0.05108695652173921 0.0724637681159421
1 0.7304347826086957 0.3789855072463768 0.05869565217391312 0.07971014492753625
1 0.510869565217391 0.665217391304348 0.052173913043478175 0.08115942028985504
1 0.4070652173913043 0.16376811594202897 0.040217391304347816 0.05797101449275365
