2 0.647282600402832 0.1355072408914566 0.07934784889221191 0.10869565606117249
2 0.6070652306079865 0.5275362133979797 0.07499998807907104 0.104347825050354
2 0.44510871171951294 0.549275353550911 0.07934784889221191 0.11014494299888611
2 0.540217399597168 0.8253623247146606 0.08913040161132812 0.10000002384185791
2 0.5777174234390259 0.7492753863334656 0.07934784889221191 0.10724639892578125
2 0.49130433797836304 0.7673913240432739 0.08043479919433594 0.1086956262588501
2 0.44021737575531006 0.6862319111824036 0.07608699798583984 0.11159420013427734
1 0.5461956858634949 0.5144927501678467 0.05978262424468994 0.07536232471466064
2 0.208695650100708 0.31594201922416687 0.0739130973815918 0.09275364875793457
2 0.280978262424469 0.47101449966430664 0.0510869026184082 0.0724637508392334
1 0.269565224647522 0.3789854943752289 0.05869567394256592 0.07971012592315674
1 0.489130437374115 0.665217399597168 0.05217397212982178 0.08115947246551514
1 0.592934787273407 0.16376811265945435 0.04021739959716797 0.05797100067138672
