2 0.35271739959716797 0.8644927591085434 0.07934784889221191 0.10869565606117249
2 0.39293476939201355 0.47246378660202026 0.07499998807907104 0.104347825050354
2 0.5548912882804871 0.45072464644908905 0.07934784889221191 0.11014494299888611
2 0.45978260040283203 0.17463767528533936 0.08913040161132812 0.10000002384185791
2 0.4222826063632965 0.2507246136665344 0.07934784889221191 0.10724639892578125
2 0.508695662021637 0.23260867595672607 0.08043479919433594 0.1086956262588501
2 0.5597826242446899 0.31376808881759644 0.07608699798583984 0.11159420013427734
1 0.4538043439388275 0.4855072498321533 0.05978262424468994 0.07536232471466064
2 0.791304349899292 0.6840579807758331 0.0739130973815918 0.09275364875793457
2 0.719021737575531 0.5289855003356934 0.0510869026184082 0.0724637508392334
1 0.730434775352478 0.6210145056247711 0.05869567394256592 0.07971012592315674
1 0.5108695775270462 0.33478260040283203 0.05217394232749939 0.08115947246551514
1 0.407065212726593 0.8362318873405457 0.04021739959716797 0.05797100067138672
