2 0.5358695685863495 0.7217391133308411 0.07173913717269897 0.08985507488250732
0 0.563043475151062 0.6521739363670349 0.07608699798583984 0.06666672229766846
0 0.36630433797836304 0.676086962223053 0.06956517696380615 0.10000002384185791
1 0.4119565486907959 0.7355072498321533 0.08260869979858398 0.11159420013427734
0 0.13804346323013306 0.6188405752182007 0.08260869979858398 0.08115947246551514
1 0.22663044929504395 0.27173912525177 0.0510869026184082 0.06521737575531006
2 0.479347825050354 0.11739130318164825 0.04782605171203613 0.049275368452072144
0 0.541847825050354 0.25217390060424805 0.06630432605743408 0.08985507488250732
2 0.811956524848938 0.18405796587467194 0.0369565486907959 0.060869574546813965
0 0.27282607555389404 0.22608695924282074 0.032608747482299805 0.046376824378967285
1 0.395108699798584 0.7949275374412537 0.07934784889221191 0.08260869979858398
2 0.17336958646774292 0.7028985619544983 0.0923912525177002 0.06666672229766846
2 0.09130436182022095 0.6057971119880676 0.1086956262588501 0.104347825050354
0 0.16739130020141602 0.458695650100708 0.0369565486907959 0.06231886148452759
1 0.16467392444610596 0.313043475151062 0.03152179718017578 0.04347825050354004
2 0.6516304314136505 0.2920289933681488 0.053260862827301025 0.04782611131668091
2 0.5027173757553101 0.03478260710835457 0.042391300201416016 0.06666667014360428
