2 0.7217391133308411 0.4641304314136505 0.08985507488250732 0.07173913717269897
0 0.6521739363670349 0.436956524848938 0.06666672229766846 0.07608693838119507
0 0.676086962223053 0.633695662021637 0.10000002384185791 0.06956517696380615
1 0.7355072498321533 0.5880434513092041 0.11159420013427734 0.08260869979858398
0 0.6188405752182007 0.8619565367698669 0.08115947246551514 0.08260869979858398
1 0.27173912525177 0.773369550704956 0.06521737575531006 0.0510869026184082
2 0.11739130318164825 0.5206521600484848 0.049275368452072144 0.04782608151435852
0 0.25217390060424805 0.458152174949646 0.08985507488250732 0.06630432605743408
2 0.18405796587467194 0.188043475151062 0.060869574546813965 0.03695651888847351
0 0.22608695924282074 0.727173924446106 0.046376824378967285 0.032608747482299805
1 0.7949275374412537 0.604891300201416 0.08260869979858398 0.07934784889221191
2 0.7028985619544983 0.8266304135322571 0.06666672229766846 0.0923912525177002
2 0.6057971119880676 0.908695638179779 0.104347825050354 0.1086956262588501
0 0.458695650100708 0.832608699798584 0.06231886148452759 0.0369565486907959
1 0.313043475151062 0.835326075553894 0.04347825050354004 0.03152179718017578
2 0.2920289933681488 0.3483695685863495 0.04782611131668091 0.053260862827301025
2 0.03478260710835457 0.49728260934352875 0.06666667014360428 0.0423913300037384
