2 0.46739131212234497 0.4644927680492401 0.0369565486907959 0.06231886148452759
2 0.8288043737411499 0.35724636912345886 0.03369569778442383 0.04492753744125366
0 0.3581521809101105 0.30869564414024353 0.0358695387840271 0.04057973623275757
1 0.4896738976240158 0.5565217137336731 0.02934780716896057 0.05217397212982178
1 0.6798912882804871 0.5492753386497498 0.035869598388671875 0.05507242679595947
1 0.45978260040283203 0.5768116116523743 0.034782588481903076 0.05217397212982178
1 0.39673912525177 0.49637679755687714 0.03260868787765503 0.04782608151435852
0 0.39347827434539795 0.4427536129951477 0.030434787273406982 0.04492753744125366
0 0.37228259444236755 0.38188406825065613 0.031521737575531006 0.042028963565826416
1 0.428260862827301 0.532608687877655 0.034782588481903076 0.039130449295043945
0 0.720108687877655 0.37318840622901917 0.02499997615814209 0.039130449295043945
2 0.5005434900522232 0.5297101736068726 0.03586956858634949 0.04782605171203613
