2 0.532608687877655 0.4644927680492401 0.0369565486907959 0.06231886148452759
2 0.1711956262588501 0.35724636912345886 0.03369569778442383 0.04492753744125366
0 0.6418478190898895 0.30869564414024353 0.0358695387840271 0.04057973623275757
1 0.510326087474823 0.5565217137336731 0.029347777366638184 0.05217397212982178
1 0.32010871171951294 0.5492753386497498 0.035869598388671875 0.05507242679595947
1 0.540217399597168 0.5768116116523743 0.03478264808654785 0.05217397212982178
1 0.60326087474823 0.49637679755687714 0.032608747482299805 0.04782608151435852
0 0.606521725654602 0.4427536129951477 0.030434846878051758 0.04492753744125366
0 0.6277174055576324 0.38188406825065613 0.031521737575531006 0.042028963565826416
1 0.571739137172699 0.532608687877655 0.0347825288772583 0.039130449295043945
0 0.27989131212234497 0.37318840622901917 0.02499997615814209 0.039130449295043945
2 0.499456524848938 0.5297101736068726 0.035869598388671875 0.04782605171203613
