1 0.3222826086956523 0.45652173913043465 0.14673913043478273 0.16231884057970988
2 0.4755434782608695 0.44565217391304346 0.1119565217391304 0.17826086956521742
1 0.5836956521739131 0.35507246376811596 0.08913043478260875 0.17101449275362315
1 0.3391304347826087 0.34855072463768116 0.1478260869565217 0.13768115942028988
1 0.2440217391304348 0.36159420289855077 0.11630434782608695 0.12028985507246377
1 0.37336956521739134 0.6717391304347826 0.1358695652173913 0.11449275362318831
1 0.4923913043478261 0.7246376811594203 0.11304347826086966 0.15362318840579706
2 0.41793478260869565 0.605072463768116 0.09673913043478265 0.1289855072463768
1 0.7576086956521738 0.4347826086956521 0.12826086956521734 0.09565217391304344
1 0.7331521739130434 0.523913043478261 0.14456521739130423 0.1202898550724636
2 0.5065217391304349 0.5746376811594203 0.09347826086956529 0.12028985507246383
0 0.5793478260869567 0.567391304347826 0.07173913043478253 0.11449275362318863
0 0.6483695652173913 0.4615942028985508 0.06847826086956524 0.11159420289855071
1 0.5255434782608696 0.12101449275362318 0.07282608695652179 0.11449275362318839
0 0.5201086956521741 0.22173913043478258 0.06195652173913027 0.11014492753623188
