1 0.322282612323761 0.45652174949645996 0.14673912525177002 0.16231882572174072
2 0.47554346919059753 0.44565220177173615 0.11195653676986694 0.1782608926296234
1 0.583695650100708 0.3550724685192108 0.08913040161132812 0.17101448774337769
1 0.3391304314136505 0.3485507369041443 0.14782607555389404 0.13768112659454346
1 0.24402174353599548 0.36159420013427734 0.11630433797836304 0.1202898621559143
1 0.37336957454681396 0.6717391014099121 0.135869562625885 0.11449277400970459
1 0.49239131808280945 0.7246376872062683 0.11304348707199097 0.15362322330474854
2 0.417934775352478 0.6050724387168884 0.09673911333084106 0.12898552417755127
1 0.7576087117195129 0.43478259444236755 0.12826085090637207 0.09565216302871704
1 0.7331521511077881 0.5239130109548569 0.14456522464752197 0.12028983235359192
2 0.5065217763185501 0.5746376514434814 0.09347829222679138 0.12028980255126953
0 0.5793478488922119 0.5673912763595581 0.0717390775680542 0.11449277400970459
0 0.648369550704956 0.46159420907497406 0.06847822666168213 0.11159422993659973
1 0.5255434662103653 0.12101449072360992 0.07282611727714539 0.1144927442073822
0 0.520108699798584 0.22173912823200226 0.06195652484893799 0.11014494299888611
