1 0.45652174949645996 0.322282612323761 0.16231882572174072 0.14673912525177002
2 0.44565220177173615 0.47554346919059753 0.1782608926296234 0.11195653676986694
1 0.3550724685192108 0.583695650100708 0.17101448774337769 0.08913040161132812
1 0.3485507369041443 0.3391304612159729 0.13768112659454346 0.14782607555389404
1 0.36159420013427734 0.24402174353599548 0.1202898621559143 0.11630433797836304
1 0.6717391014099121 0.37336957454681396 0.11449277400970459 0.13586950302124023
1 0.7246376872062683 0.49239131808280945 0.15362322330474854 0.11304348707199097
2 0.6050724387168884 0.417934775352478 0.12898552417755127 0.09673905372619629
1 0.43478259444236755 0.7576087117195129 0.09565216302871704 0.12826085090637207
1 0.5239130109548569 0.7331521511077881 0.12028983235359192 0.14456522464752197
2 0.5746376514434814 0.5065217614173889 0.12028980255126953 0.09347832202911377
0 0.5673912763595581 0.5793478488922119 0.11449277400970459 0.0717390775680542
0 0.46159420907497406 0.648369550704956 0.11159422993659973 0.06847822666168213
1 0.12101449072360992 0.5255434513092041 0.1144927442073822 0.07282614707946777
0 0.22173912823200226 0.520108699798584 0.11014494299888611 0.06195652484893799
