2 0.321739137172699 0.810869574546814 0.04347825050354004 0.0369565486907959
1 0.43623191118240356 0.7967391014099121 0.04057967662811279 0.039130449295043945
0 0.6992753744125366 0.9548913240432739 0.04782611131668091 0.04673910140991211
0 0.7594202905893326 0.6380435228347778 0.04057970643043518 0.0369565486907959
2 0.5144927501678467 0.4923912584781647 0.046376824378967285 0.034782588481903076
0 0.5456521809101105 0.46684783697128296 0.0362318754196167 0.029347777366638184
0 0.469565212726593 0.5048913061618805 0.03768110275268555 0.03369563817977905
0 0.36666667461395264 0.8206521570682526 0.03768110275268555 0.034782588481903076
0 0.2927536368370056 0.832608699798584 0.03478264808654785 0.0369565486907959
0 0.33188408613204956 0.8467391133308411 0.03768110275268555 0.02826082706451416
0 0.2855072617530823 0.7869565188884735 0.03768110275268555 0.028260886669158936
0 0.40724635124206543 0.8043478429317474 0.031884074211120605 0.034782588481903076
0 0.7681159377098083 0.9728260934352875 0.04347825050354004 0.03695648908615112
