2 0.18913044035434723 0.678260862827301 0.03695651888847351 0.04347825050354004
1 0.2032608687877655 0.5637680888175964 0.039130449295043945 0.04057967662811279
0 0.04510869272053242 0.3007246255874634 0.0467391274869442 0.04782611131668091
0 0.36195650696754456 0.24057970941066742 0.0369565486907959 0.04057970643043518
2 0.5076087266206741 0.4855072498321533 0.034782618284225464 0.046376824378967285
0 0.533152163028717 0.4543478190898895 0.029347777366638184 0.0362318754196167
0 0.4951086938381195 0.530434787273407 0.03369563817977905 0.03768110275268555
0 0.17934782803058624 0.6333333253860474 0.034782618284225464 0.03768110275268555
0 0.16739130020141602 0.7072463631629944 0.03695651888847351 0.03478264808654785
0 0.15326087176799774 0.6681159138679504 0.028260856866836548 0.03768110275268555
0 0.2130434811115265 0.7144927382469177 0.028260856866836548 0.03768110275268555
0 0.19565217196941376 0.5927536487579346 0.034782618284225464 0.031884074211120605
0 0.027173912152647972 0.23188406229019165 0.03695652261376381 0.04347825050354004
