2 0.810869574546814 0.678260862827301 0.0369565486907959 0.04347825050354004
1 0.7967391014099121 0.5637680888175964 0.039130449295043945 0.04057967662811279
0 0.9548913240432739 0.3007246255874634 0.04673910140991211 0.04782611131668091
0 0.6380435228347778 0.24057970941066742 0.0369565486907959 0.04057970643043518
2 0.4923912584781647 0.4855072498321533 0.034782588481903076 0.046376824378967285
0 0.46684783697128296 0.4543478190898895 0.029347777366638184 0.0362318754196167
0 0.5048913061618805 0.530434787273407 0.03369563817977905 0.03768110275268555
0 0.8206521570682526 0.6333333253860474 0.034782588481903076 0.03768110275268555
0 0.832608699798584 0.7072463631629944 0.0369565486907959 0.03478264808654785
0 0.8467391133308411 0.6681159138679504 0.02826082706451416 0.03768110275268555
0 0.7869565188884735 0.7144927382469177 0.028260886669158936 0.03768110275268555
0 0.8043478429317474 0.5927536487579346 0.034782588481903076 0.031884074211120605
0 0.9728260934352875 0.23188406229019165 0.03695648908615112 0.04347825050354004
