2 0.730434775352478 0.5572464019060135 0.11304354667663574 0.1666666567325592
2 0.6396739184856415 0.6210145056247711 0.05760866403579712 0.10579711198806763
0 0.511956512928009 0.8347826153039932 0.054347872734069824 0.057971030473709106
2 0.522826075553894 0.7318840622901917 0.0739130973815918 0.11304348707199097
2 0.37228262424468994 0.20724636316299438 0.06195652484893799 0.10144925117492676
2 0.407065212726593 0.042753636837005615 0.05543482303619385 0.07971012592315674
1 0.125 0.5550724565982819 0.04347825050354004 0.04347825050354004
2 0.020108699798583984 0.5586956441402435 0.04021739959716797 0.04492753744125366
2 0.48695653676986694 0.8514492809772491 0.0369565486907959 0.08260869979858398
1 0.749456524848938 0.3601449131965637 0.048913002014160156 0.09710144996643066
1 0.6592391729354858 0.3753623366355896 0.04456520080566406 0.06666672229766846
