2 0.730434775352478 0.4427535980939865 0.11304354667663574 0.1666666567325592
2 0.6396739184856415 0.3789854943752289 0.05760866403579712 0.10579711198806763
0 0.511956512928009 0.16521738469600677 0.054347872734069824 0.057971030473709106
2 0.522826075553894 0.26811593770980835 0.0739130973815918 0.11304348707199097
2 0.37228262424468994 0.7927536368370056 0.06195652484893799 0.10144925117492676
2 0.407065212726593 0.9572463631629944 0.05543482303619385 0.07971012592315674
1 0.125 0.44492754340171814 0.04347825050354004 0.04347825050354004
2 0.020108699798583984 0.44130435585975647 0.04021739959716797 0.04492753744125366
2 0.48695653676986694 0.14855071902275085 0.0369565486907959 0.08260869979858398
1 0.749456524848938 0.6398550868034363 0.048913002014160156 0.09710144996643066
1 0.6592391729354858 0.6246376633644104 0.04456520080566406 0.06666672229766846
