2 0.509239137172699 0.41521739959716797 0.04456520080566406 0.053623199462890625
2 0.18315216898918152 0.3731883764266968 0.048913031816482544 0.05942034721374512
2 0.134782612323761 0.3905797004699707 0.045652180910110474 0.05652177333831787
1 0.14510869979858398 0.4746376872062683 0.02934783697128296 0.04492747783660889
1 0.719021737575531 0.6050724685192108 0.035869598388671875 0.04492753744125366
2 0.935326099395752 0.6594202816486359 0.03804349899291992 0.04347825050354004
2 0.979347825050354 0.8101449310779572 0.04130434989929199 0.060869574546813965
0 0.467934787273407 0.458695650100708 0.03369563817977905 0.04202902317047119
0 0.699999988079071 0.5688405930995941 0.030434727668762207 0.039130449295043945
0 0.7364130616188049 0.6572463810443878 0.02499997615814209 0.039130449295043945
2 0.936413049697876 0.7181159555912018 0.04456520080566406 0.04492753744125366
