2 0.509239137172699 0.584782600402832 0.04456520080566406 0.053623199462890625
2 0.18315216898918152 0.6268116235733032 0.048913031816482544 0.05942034721374512
2 0.134782612323761 0.6094202995300293 0.045652180910110474 0.05652177333831787
1 0.14510869979858398 0.5253623127937317 0.02934783697128296 0.04492747783660889
1 0.719021737575531 0.3949275314807892 0.035869598388671875 0.04492753744125366
2 0.935326099395752 0.34057971835136414 0.03804349899291992 0.04347825050354004
2 0.979347825050354 0.18985506892204285 0.04130434989929199 0.060869574546813965
0 0.467934787273407 0.541304349899292 0.03369563817977905 0.04202902317047119
0 0.699999988079071 0.4311594069004059 0.030434727668762207 0.039130449295043945
0 0.7364130616188049 0.3427536189556122 0.02499997615814209 0.039130449295043945
2 0.936413049697876 0.2818840444087982 0.04456520080566406 0.04492753744125366
