2 0.4836956262588501 0.2927536368370056 0.07826089859008789 0.13333332538604736
2 0.5592391490936279 0.508695662021637 0.08586955070495605 0.1362318992614746
2 0.678260862827301 0.1659420281648636 0.07826089859008789 0.11159420013427734
0 0.677717387676239 0.0804347824305296 0.07282602787017822 0.07391304150223732
1 0.3820652365684509 0.06159420311450958 0.06195652484893799 0.09130434691905975
0 0.35706520080566406 0.5652173757553101 0.05543482303619385 0.10144925117492676
0 0.447826087474823 0.604347825050354 0.06956517696380615 0.09855067729949951
0 0.32119566202163696 0.20507245510816574 0.06195652484893799 0.09420289099216461
0 0.1298912763595581 0.20579710602760315 0.04021739959716797 0.08405798673629761
0 0.0983695387840271 0.2644927576184273 0.04021739959716797 0.062318846583366394
0 0.355434775352478 0.13768115639686584 0.03478264808654785 0.05507245659828186
0 0.7135869562625885 0.4963768273591995 0.03369563817977905 0.042028993368148804
0 0.705978274345398 0.606521725654602 0.03804349899291992 0.0362318754196167
0 0.6489130556583405 0.5760869383811951 0.03260868787765503 0.039130449295043945
0 0.677717387676239 0.5427536368370056 0.03804349899291992 0.039130449295043945
0 0.12282609939575195 0.11231884732842445 0.032608747482299805 0.05362319201231003
