2 0.4836956262588501 0.7072463631629944 0.07826089859008789 0.13333332538604736
2 0.5592391490936279 0.49130433797836304 0.08586955070495605 0.1362318992614746
2 0.678260862827301 0.8340579718351364 0.07826089859008789 0.11159420013427734
0 0.677717387676239 0.9195652175694704 0.07282602787017822 0.07391304150223732
1 0.3820652365684509 0.9384057968854904 0.06195652484893799 0.09130434691905975
0 0.35706520080566406 0.43478262424468994 0.05543482303619385 0.10144925117492676
0 0.447826087474823 0.395652174949646 0.06956517696380615 0.09855067729949951
0 0.32119566202163696 0.7949275448918343 0.06195652484893799 0.09420289099216461
0 0.1298912763595581 0.7942028939723969 0.04021739959716797 0.08405798673629761
0 0.0983695387840271 0.7355072423815727 0.04021739959716797 0.062318846583366394
0 0.355434775352478 0.8623188436031342 0.03478264808654785 0.05507245659828186
0 0.7135869562625885 0.5036231726408005 0.03369563817977905 0.042028993368148804
0 0.705978274345398 0.39347827434539795 0.03804349899291992 0.0362318754196167
0 0.6489130556583405 0.42391306161880493 0.03260868787765503 0.039130449295043945
0 0.677717387676239 0.4572463631629944 0.03804349899291992 0.039130449295043945
0 0.12282609939575195 0.8876811526715755 0.032608747482299805 0.05362319201231003
