2 0.8679347634315491 0.5065217614173889 0.0923912525177002 0.16086959838867188
1 0.36793479323387146 0.2594202756881714 0.05978262424468994 0.08985507488250732
2 0.7347826361656189 0.43913042545318604 0.08913040161132812 0.12173914909362793
2 0.6190217137336731 0.3797101378440857 0.07934784889221191 0.08695650100708008
2 0.5804347991943359 0.3297101557254791 0.09130430221557617 0.08260869979858398
0 0.24184782803058624 0.23188405483961105 0.048913031816482544 0.08695651590824127
0 0.28858694434165955 0.24130435287952423 0.03804349899291992 0.07101449370384216
2 0.19891303777694702 0.0992753654718399 0.06304347515106201 0.07101449370384216
0 0.05380434915423393 0.3688405752182007 0.06413043290376663 0.04782611131668091
0 0.17499999701976776 0.20942029356956482 0.060869574546813965 0.07391303777694702
0 0.05326087214052677 0.5050724744796753 0.06956521794199944 0.06521737575531006
