2 0.3143274784088135 0.6325536072254181 0.11403506994247437 0.235867440700531
2 0.8084795475006104 0.24366474151611328 0.13157892227172852 0.2300194501876831
0 0.6264619827270508 0.682261198759079 0.07456135749816895 0.13645225763320923
2 0.2214912325143814 0.5399610102176666 0.11549708247184753 0.20272904634475708
1 0.12061403691768646 0.5740740597248077 0.10380116105079651 0.1656920313835144
2 0.18274854123592377 0.7241715416312218 0.1111111044883728 0.1656920164823532
2 0.7945906519889832 0.48343081772327423 0.12426900863647461 0.19883039593696594
0 0.7324561476707458 0.7631578892469406 0.07894742488861084 0.11500975489616394
2 0.6600877046585083 0.41325533390045166 0.11549711227416992 0.2144249677658081
0 0.7002924084663391 0.2914230227470398 0.07894742488861084 0.11890840530395508
0 0.8457602262496948 0.6306042969226837 0.08333337306976318 0.12280702590942383
2 0.10891813039779663 0.8489278741180897 0.12426900863647461 0.1384015455842018
2 0.7514619827270508 0.6608187258243561 0.1169590950012207 0.18323588371276855
1 0.04385964944958687 0.6452241837978363 0.08771929889917374 0.16764134168624878
2 0.0679347775876522 0.4746376872062683 0.12717390805482864 0.20434784889221191
2 0.6413043737411499 0.5666666626930237 0.1086956262588501 0.16521739959716797
2 0.5282608717679977 0.11594200134277344 0.09130433201789856 0.15362322330474854
2 0.4326086938381195 0.1876811385154724 0.09782606363296509 0.13768112659454346
1 0.542934775352478 0.3376811742782593 0.07500004768371582 0.12463772296905518
1 0.1614130437374115 0.4572463482618332 0.08152174949645996 0.14927539229393005
