2 0.31432748538011696 0.36744639376218324 0.11403508771929821 0.2358674463937622
2 0.8084795321637421 0.7563352826510719 0.13157894736842113 0.230019493177388
0 0.6264619883040935 0.31773879142300193 0.07456140350877191 0.13645224171539957
2 0.2214912280701755 0.4600389863547755 0.115497076023392 0.20272904483430795
1 0.12061403508771931 0.42592592592592593 0.10380116959064328 0.16569200779727106
2 0.18274853801169577 0.2758284600389862 0.11111111111111108 0.16569200779727075
2 0.794590643274854 0.5165692007797271 0.12426900584795336 0.1988304093567251
0 0.7324561403508768 0.23684210526315788 0.07894736842105242 0.11500974658869395
2 0.6600877192982456 0.5867446393762183 0.11549707602339175 0.21442495126705652
0 0.7002923976608184 0.7085769980506822 0.0789473684210526 0.1189083820662768
0 0.8457602339181283 0.3693957115009743 0.08333333333333327 0.12280701754385967
2 0.10891812865497076 0.1510721247563353 0.12426900584795324 0.13840155945419114
2 0.7514619883040933 0.3391812865497077 0.11695906432748507 0.18323586744639378
1 0.043859649122807015 0.35477582846003897 0.08771929824561403 0.16764132553606234
2 0.06793478260869565 0.5253623188405797 0.12717391304347825 0.2043478260869566
2 0.6413043478260867 0.4333333333333333 0.10869565217391303 0.16521739130434787
2 0.5282608695652173 0.8840579710144928 0.09130434782608696 0.15362318840579703
2 0.4326086956521739 0.8123188405797102 0.09782608695652172 0.1376811594202897
1 0.5429347826086957 0.66231884057971 0.07499999999999993 0.12463768115942031
1 0.16141304347826085 0.5427536231884057 0.08152173913043477 0.14927536231884045
