2 0.6856725215911865 0.6325536072254181 0.11403512954711914 0.235867440700531
2 0.19152045249938965 0.24366474151611328 0.13157892227172852 0.2300194501876831
0 0.3735380172729492 0.682261198759079 0.07456135749816895 0.13645225763320923
2 0.7785087823867798 0.5399610102176666 0.11549711227416992 0.20272904634475708
1 0.8793859779834747 0.5740740597248077 0.1038011908531189 0.1656920313835144
2 0.8172514736652374 0.7241715416312218 0.1111111044883728 0.1656920164823532
2 0.20540934801101685 0.48343081772327423 0.12426900863647461 0.19883039593696594
0 0.26754385232925415 0.7631578892469406 0.07894742488861084 0.11500975489616394
2 0.3399122953414917 0.41325533390045166 0.11549711227416992 0.2144249677658081
0 0.2997075915336609 0.2914230227470398 0.07894742488861084 0.11890840530395508
0 0.15423977375030518 0.6306042969226837 0.08333337306976318 0.12280702590942383
2 0.8910818696022034 0.8489278741180897 0.12426900863647461 0.1384015455842018
2 0.24853801727294922 0.6608187258243561 0.1169590950012207 0.18323588371276855
1 0.9561403393745422 0.6452241837978363 0.08771932125091553 0.16764134168624878
2 0.9320652484893799 0.4746376872062683 0.12717390060424805 0.20434784889221191
2 0.3586956262588501 0.5666666626930237 0.1086956262588501 0.16521739959716797
2 0.47173914313316345 0.11594200134277344 0.09130436182022095 0.15362322330474854
2 0.5673913061618805 0.1876811385154724 0.09782606363296509 0.13768112659454346
1 0.457065224647522 0.3376811742782593 0.07500004768371582 0.12463772296905518
1 0.8385869264602661 0.4572463482618332 0.08152174949645996 0.14927539229393005
