2 0.3143274784088135 0.3674463927745819 0.11403506994247437 0.235867440700531
2 0.8084795475006104 0.7563352584838867 0.13157892227172852 0.2300194501876831
0 0.6264619827270508 0.317738801240921 0.07456135749816895 0.13645225763320923
2 0.2214912325143814 0.4600389897823334 0.11549708247184753 0.20272904634475708
1 0.12061403691768646 0.42592594027519226 0.10380116105079651 0.1656920313835144
2 0.18274854123592377 0.27582845836877823 0.1111111044883728 0.1656920164823532
2 0.7945906519889832 0.5165691822767258 0.12426900863647461 0.19883039593696594
0 0.7324561476707458 0.2368421107530594 0.07894742488861084 0.11500975489616394
2 0.6600877046585083 0.5867446660995483 0.11549711227416992 0.2144249677658081
0 0.7002924084663391 0.7085769772529602 0.07894742488861084 0.11890840530395508
0 0.8457602262496948 0.3693957030773163 0.08333337306976318 0.12280702590942383
2 0.10891813039779663 0.15107212588191032 0.12426900863647461 0.1384015455842018
2 0.7514619827270508 0.3391812741756439 0.1169590950012207 0.18323588371276855
1 0.04385964944958687 0.3547758162021637 0.08771929889917374 0.16764134168624878
2 0.0679347775876522 0.5253623127937317 0.12717390805482864 0.20434784889221191
2 0.6413043737411499 0.4333333373069763 0.1086956262588501 0.16521739959716797
2 0.5282608717679977 0.8840579986572266 0.09130433201789856 0.15362322330474854
2 0.4326086938381195 0.8123188614845276 0.09782606363296509 0.13768112659454346
1 0.542934775352478 0.6623188257217407 0.07500004768371582 0.12463772296905518
1 0.1614130437374115 0.5427536517381668 0.08152174949645996 0.14927539229393005
