2 0.40815216302871704 0.37173911929130554 0.08152174949645996 0.12608695030212402
1 0.373913049697876 0.48768115043640137 0.0673912763595581 0.09710144996643066
1 0.615760862827301 0.34202897548675537 0.06630432605743408 0.08985507488250732
2 0.647282600402832 0.5065217614173889 0.05978262424468994 0.08550727367401123
1 0.811956524848938 0.5652173757553101 0.04782605171203613 0.060869574546813965
1 0.446739137172699 0.602173924446106 0.05217397212982178 0.07101452350616455
1 0.689673900604248 0.2442028969526291 0.0510869026184082 0.05652174353599548
1 0.5467391312122345 0.373913049697876 0.050000011920928955 0.06666666269302368
1 0.20108693838119507 0.6659420132637024 0.05217397212982178 0.07101452350616455
1 0.03967392444610596 0.852173924446106 0.03152179718017578 0.04347825050354004
1 0.10760867595672607 0.6855072379112244 0.032608747482299805 0.04347825050354004
1 0.5271738767623901 0.4159420430660248 0.04347825050354004 0.05507248640060425
1 0.23097825050354004 0.7637681365013123 0.05543482303619385 0.06376814842224121
1 0.49836957454681396 0.563043475151062 0.048913002014160156 0.05942034721374512
