2 0.5918478260869567 0.37173913043478257 0.08152173913043476 0.1260869565217391
1 0.6260869565217391 0.4876811594202899 0.06739130434782617 0.09710144927536234
1 0.38423913043478264 0.3420289855072463 0.06630434782608695 0.08985507246376809
2 0.35271739130434776 0.5065217391304349 0.05978260869565223 0.08550724637681154
1 0.18804347826086953 0.5652173913043478 0.047826086956521754 0.06086956521739133
1 0.5532608695652175 0.6021739130434782 0.05217391304347828 0.07101449275362313
1 0.31032608695652175 0.2442028985507246 0.05108695652173914 0.0565217391304348
1 0.45326086956521744 0.37391304347826093 0.049999999999999795 0.06666666666666676
1 0.798913043478261 0.6659420289855071 0.05217391304347828 0.07101449275362307
1 0.9603260869565219 0.8521739130434781 0.03152173913043484 0.04347826086956516
1 0.8923913043478261 0.6855072463768116 0.032608695652173766 0.04347826086956516
1 0.47282608695652173 0.41594202898550725 0.04347826086956523 0.05507246376811594
1 0.769021739130435 0.7637681159420291 0.05543478260869563 0.06376811594202905
1 0.5016304347826087 0.5630434782608696 0.04891304347826078 0.05942028985507251
