2 0.591847836971283 0.37173911929130554 0.08152174949645996 0.12608695030212402
1 0.626086950302124 0.48768115043640137 0.0673912763595581 0.09710144996643066
1 0.384239137172699 0.34202897548675537 0.06630432605743408 0.08985507488250732
2 0.35271739959716797 0.5065217614173889 0.05978262424468994 0.08550727367401123
1 0.188043475151062 0.5652173757553101 0.04782608151435852 0.060869574546813965
1 0.553260862827301 0.602173924446106 0.05217397212982178 0.07101452350616455
1 0.31032609939575195 0.2442028969526291 0.05108696222305298 0.05652174353599548
1 0.4532608687877655 0.373913049697876 0.050000011920928955 0.06666666269302368
1 0.7989130616188049 0.6659420132637024 0.05217397212982178 0.07101452350616455
1 0.960326075553894 0.852173924446106 0.03152179718017578 0.04347825050354004
1 0.8923913240432739 0.6855072379112244 0.032608747482299805 0.04347825050354004
1 0.4728260934352875 0.4159420430660248 0.04347825050354004 0.05507248640060425
1 0.76902174949646 0.7637681365013123 0.05543482303619385 0.06376814842224121
1 0.5016304105520248 0.563043475151062 0.048913031816482544 0.05942034721374512
