1 0.1086956262588501 0.6181159317493439 0.054347872734069824 0.056521713733673096
1 0.07336956262588501 0.686956524848938 0.0532609224319458 0.05797100067138672
1 0.3086956739425659 0.8282608687877655 0.04130434989929199 0.07101449370384216
2 0.38695651292800903 0.7144927680492401 0.04999995231628418 0.06956523656845093
2 0.438586950302124 0.6572463810443878 0.03804349899291992 0.053623199462890625
1 0.46576088666915894 0.6934782564640045 0.04021739959716797 0.04492753744125366
2 0.740760862827301 0.6108695566654205 0.03152167797088623 0.03333336114883423
2 0.7038043141365051 0.7449275255203247 0.01847827434539795 0.02898550033569336
0 0.3472825884819031 0.8224637657403946 0.027173876762390137 0.042028993368148804
0 0.2668478488922119 0.7333333194255829 0.03369569778442383 0.05797100067138672
2 0.5374999940395355 0.4007246494293213 0.0358695387840271 0.04492759704589844
