1 0.1086956262588501 0.38188406825065613 0.054347872734069824 0.056521713733673096
1 0.07336956262588501 0.313043475151062 0.0532609224319458 0.05797100067138672
1 0.3086956739425659 0.1717391312122345 0.04130434989929199 0.07101449370384216
2 0.38695651292800903 0.2855072319507599 0.04999995231628418 0.06956523656845093
2 0.438586950302124 0.3427536189556122 0.03804349899291992 0.053623199462890625
1 0.46576088666915894 0.3065217435359955 0.04021739959716797 0.04492753744125366
2 0.740760862827301 0.38913044333457947 0.03152167797088623 0.03333336114883423
2 0.7038043141365051 0.2550724744796753 0.01847827434539795 0.02898550033569336
0 0.3472825884819031 0.1775362342596054 0.027173876762390137 0.042028993368148804
0 0.2668478488922119 0.2666666805744171 0.03369569778442383 0.05797100067138672
2 0.5374999940395355 0.5992753505706787 0.0358695387840271 0.04492759704589844
