2 0.7630434781312943 0.4516304135322571 0.04782608151435852 0.035869598388671875
0 0.623913049697876 0.395108699798584 0.09420287609100342 0.04021739959716797
0 0.4985507130622864 0.24293476343154907 0.10144925117492676 0.0532609224319458
0 0.428260862827301 0.1402173638343811 0.10000002384185791 0.08043479919433594
0 0.39855074882507324 0.20978260040283203 0.07536232471466064 0.060869574546813965
0 0.34565216302871704 0.2755434513092041 0.07971012592315674 0.05978262424468994
0 0.37753623723983765 0.573913037776947 0.05072462558746338 0.039130449295043945
2 0.6036231815814972 0.03750002384185791 0.03333336114883423 0.029347777366638184
2 0.5789855122566223 0.017391324043273926 0.0362318754196167 0.02826082706451416
0 0.5557971000671387 0.719021737575531 0.04492753744125366 0.03152167797088623
