2 0.5483695864677429 0.23695652186870575 0.035869598388671875 0.04782608151435852
0 0.604891300201416 0.376086950302124 0.04021739959716797 0.09420287609100342
0 0.7570652365684509 0.5014492869377136 0.0532609224319458 0.10144925117492676
0 0.8597826361656189 0.571739137172699 0.08043479919433594 0.10000002384185791
0 0.790217399597168 0.6014492511749268 0.060869574546813965 0.07536232471466064
0 0.7244565486907959 0.654347836971283 0.05978262424468994 0.07971012592315674
0 0.426086962223053 0.6224637627601624 0.039130449295043945 0.05072462558746338
2 0.9624999761581421 0.3963768184185028 0.029347777366638184 0.03333336114883423
2 0.9826086759567261 0.4210144877433777 0.02826082706451416 0.0362318754196167
0 0.280978262424469 0.44420289993286133 0.031521737575531006 0.04492753744125366
