2 0.7630434781312943 0.5483695864677429 0.04782608151435852 0.035869598388671875
0 0.623913049697876 0.604891300201416 0.09420287609100342 0.04021739959716797
0 0.4985507130622864 0.7570652365684509 0.10144925117492676 0.0532609224319458
0 0.428260862827301 0.8597826361656189 0.10000002384185791 0.08043479919433594
0 0.39855074882507324 0.790217399597168 0.07536232471466064 0.060869574546813965
0 0.34565216302871704 0.7244565486907959 0.07971012592315674 0.05978262424468994
0 0.37753623723983765 0.426086962223053 0.05072462558746338 0.039130449295043945
2 0.6036231815814972 0.9624999761581421 0.03333336114883423 0.029347777366638184
2 0.5789855122566223 0.9826086759567261 0.0362318754196167 0.02826082706451416
0 0.5557971000671387 0.280978262424469 0.04492753744125366 0.03152167797088623
