2 0.363586962223053 0.3340579569339752 0.13804346323013306 0.14347827434539795
0 0.32554349303245544 0.21231883019208908 0.11195653676986694 0.10869564116001129
0 0.49184781312942505 0.0652173887938261 0.04456520080566406 0.08115941658616066
1 0.8282608985900879 0.2608695551753044 0.11956524848937988 0.08695651590824127
2 0.780434787273407 0.5782609134912491 0.13260865211486816 0.18550726771354675
0 0.8608695864677429 0.46521738171577454 0.10652172565460205 0.07826083898544312
0 0.83152174949646 0.36739131808280945 0.08695650100708008 0.08550721406936646
0 0.208152174949646 0.5355072766542435 0.10326087474822998 0.10289856791496277
2 0.49130435287952423 0.6811594367027283 0.05217394232749939 0.05507242679595947
1 0.41902172565460205 0.7420290112495422 0.03369563817977905 0.05507242679595947
0 0.355434775352478 0.45652176439762115 0.11304348707199097 0.12753626704216003
0 0.5880434513092041 0.6188405752182007 0.032608747482299805 0.05797100067138672
2 0.7543478012084961 0.40942028164863586 0.07826089859008789 0.11739128828048706
1 0.844565212726593 0.5311594009399414 0.04347825050354004 0.0362318754196167
2 0.375 0.9789854884147644 0.07391303777694702 0.04202902317047119
