2 0.636413037776947 0.6659420430660248 0.13804346323013306 0.14347827434539795
0 0.6744565069675446 0.7876811698079109 0.11195653676986694 0.10869564116001129
0 0.508152186870575 0.9347826112061739 0.04456520080566406 0.08115941658616066
1 0.1717391014099121 0.7391304448246956 0.11956524848937988 0.08695651590824127
2 0.21956521272659302 0.4217390865087509 0.13260865211486816 0.18550726771354675
0 0.13913041353225708 0.5347826182842255 0.10652172565460205 0.07826083898544312
0 0.16847825050354004 0.6326086819171906 0.08695650100708008 0.08550721406936646
0 0.791847825050354 0.46449272334575653 0.10326087474822998 0.10289856791496277
2 0.5086956471204758 0.31884056329727173 0.05217394232749939 0.05507242679595947
1 0.580978274345398 0.25797098875045776 0.03369563817977905 0.05507242679595947
0 0.644565224647522 0.5434782356023788 0.11304348707199097 0.12753626704216003
0 0.4119565486907959 0.3811594247817993 0.032608747482299805 0.05797100067138672
2 0.2456521987915039 0.5905797183513641 0.07826089859008789 0.11739128828048706
1 0.15543478727340698 0.4688405990600586 0.04347825050354004 0.0362318754196167
2 0.625 0.021014511585235596 0.07391303777694702 0.04202902317047119
