2 0.375543475151062 0.4891304224729538 0.035869598388671875 0.044927507638931274
0 0.34619563817977905 0.4630434811115265 0.03152167797088623 0.0362318754196167
0 0.39402174949645996 0.5347825884819031 0.029347777366638184 0.04057967662811279
2 0.686956524848938 0.6231883764266968 0.030434846878051758 0.04057967662811279
2 0.8260869681835175 0.3855072557926178 0.03260868787765503 0.04347825050354004
1 0.8380434513092041 0.40434783697128296 0.04130434989929199 0.04057973623275757
0 0.7755434811115265 0.27898550033569336 0.031521737575531006 0.0362318754196167
1 0.6592391431331635 0.5260869860649109 0.031521737575531006 0.04057967662811279
0 0.39836955070495605 0.4362318813800812 0.03369569778442383 0.04347825050354004
0 0.1728261113166809 0.4463768005371094 0.02826082706451416 0.03768116235733032
0 0.1293478012084961 0.49275361001491547 0.030434727668762207 0.037681132555007935
0 0.8157608509063721 0.36666667461395264 0.03369569778442383 0.02898550033569336
0 0.8505434691905975 0.5579710006713867 0.02934783697128296 0.02898550033569336
0 0.6923913061618805 0.582608699798584 0.034782588481903076 0.03478264808654785
0 0.7157608568668365 0.6094202995300293 0.027173936367034912 0.03333330154418945
0 0.667934775352478 0.6615942120552063 0.02499997615814209 0.03333330154418945
