2 0.624456524848938 0.5108695775270462 0.035869598388671875 0.044927507638931274
0 0.653804361820221 0.5369565188884735 0.03152167797088623 0.0362318754196167
0 0.60597825050354 0.4652174115180969 0.029347777366638184 0.04057967662811279
2 0.313043475151062 0.3768116235733032 0.030434787273406982 0.04057967662811279
2 0.17391304671764374 0.6144927442073822 0.03260868787765503 0.04347825050354004
1 0.1619565188884735 0.595652163028717 0.04130434989929199 0.04057973623275757
0 0.2244565188884735 0.7210144996643066 0.031521737575531006 0.0362318754196167
1 0.34076085686683655 0.4739130139350891 0.031521737575531006 0.04057967662811279
0 0.601630449295044 0.5637681186199188 0.03369569778442383 0.04347825050354004
0 0.8271738886833191 0.5536231994628906 0.02826082706451416 0.03768116235733032
0 0.8706521987915039 0.5072463899850845 0.030434727668762207 0.037681132555007935
0 0.18423913419246674 0.6333333253860474 0.03369566798210144 0.02898550033569336
0 0.14945651590824127 0.4420289993286133 0.02934783697128296 0.02898550033569336
0 0.3076086938381195 0.417391300201416 0.034782588481903076 0.03478264808654785
0 0.28423914313316345 0.3905797004699707 0.027173936367034912 0.03333330154418945
0 0.332065224647522 0.3384057879447937 0.02499997615814209 0.03333330154418945
