2 0.06684782542288303 0.7188405692577362 0.02500000223517418 0.031884074211120605
2 0.11739130690693855 0.7072463631629944 0.023913048207759857 0.031884074211120605
2 0.5054348111152649 0.8057971000671387 0.02173912525177002 0.02898550033569336
2 0.49728257954120636 0.8594202883541584 0.02065214514732361 0.031884051859378815
2 0.457065224647522 0.7210144996643066 0.027173936367034912 0.0362318754196167
2 0.019021737854927778 0.45652174949645996 0.024999999441206455 0.031884074211120605
2 0.436413049697876 0.3579710125923157 0.022826075553894043 0.02898550033569336
1 0.42934781312942505 0.6246376931667328 0.026086926460266113 0.02898550033569336
2 0.820652186870575 0.7260869443416595 0.019565224647521973 0.02608698606491089
2 0.801086962223053 0.717391312122345 0.019565224647521973 0.031884074211120605
