2 0.9331521689891815 0.2811594307422638 0.025000035762786865 0.031884074211120605
2 0.8826087117195129 0.2927536368370056 0.023913025856018066 0.031884074211120605
2 0.4945651888847351 0.19420289993286133 0.02173912525177002 0.02898550033569336
2 0.5027174353599548 0.1405797116458416 0.020652174949645996 0.031884051859378815
2 0.542934775352478 0.27898550033569336 0.027173995971679688 0.0362318754196167
2 0.98097825050354 0.54347825050354 0.02499997615814209 0.031884074211120605
2 0.563586950302124 0.6420289874076843 0.022826075553894043 0.02898550033569336
1 0.570652186870575 0.3753623068332672 0.026086926460266113 0.02898550033569336
2 0.17934781312942505 0.27391305565834045 0.019565224647521973 0.02608698606491089
2 0.19891303777694702 0.28260868787765503 0.019565224647521973 0.031884074211120605
