0 0.4755434989929199 0.5492753386497498 0.057608723640441895 0.08115947246551514
2 0.2146739363670349 0.23985505849123 0.06195652484893799 0.06811593472957611
1 0.1608695387840271 0.4021739065647125 0.054347872734069824 0.04782611131668091
1 0.23315215110778809 0.477536216378212 0.04673910140991211 0.05362316966056824
2 0.738043487071991 0.5217391401529312 0.10652172565460205 0.11014494299888611
0 0.8483695685863495 0.7644927501678467 0.07065218687057495 0.0739130973815918
0 0.865217387676239 0.2753623127937317 0.07826089859008789 0.08115941286087036
1 0.8059782385826111 0.25362318754196167 0.05978262424468994 0.09565216302871704
0 0.7641304433345795 0.2768115997314453 0.050000011920928955 0.08115941286087036
1 0.47771742939949036 0.480434775352478 0.0684782862663269 0.08260869979858398
0 0.427717387676239 0.44565218687057495 0.05543482303619385 0.07681161165237427
0 0.2440217137336731 0.8833333253860474 0.035869598388671875 0.04782605171203613
0 0.1820651888847351 0.915217399597168 0.03369569778442383 0.04782605171203613
