0 0.5244565010070801 0.5492753386497498 0.057608723640441895 0.08115947246551514
2 0.7853260636329651 0.23985505849123 0.06195652484893799 0.06811593472957611
1 0.8391304612159729 0.4021739065647125 0.054347872734069824 0.04782611131668091
1 0.7668478488922119 0.477536216378212 0.04673910140991211 0.05362316966056824
2 0.26195651292800903 0.5217391401529312 0.10652172565460205 0.11014494299888611
0 0.1516304351389408 0.7644927501678467 0.07065217941999435 0.0739130973815918
0 0.134782612323761 0.2753623127937317 0.0782608687877655 0.08115941286087036
1 0.19402174651622772 0.25362318754196167 0.059782594442367554 0.09565216302871704
0 0.23586956411600113 0.2768115997314453 0.04999999701976776 0.08115941286087036
1 0.5222825855016708 0.480434775352478 0.06847825646400452 0.08260869979858398
0 0.572282612323761 0.44565218687057495 0.05543482303619385 0.07681161165237427
0 0.7559782862663269 0.8833333253860474 0.035869598388671875 0.04782605171203613
0 0.8179348111152649 0.915217399597168 0.03369569778442383 0.04782605171203613
