2 0.657065212726593 0.6028985381126404 0.027173876762390137 0.03768116235733032
2 0.646195650100708 0.7594202980399132 0.03152179718017578 0.04637680947780609
2 0.54076087474823 0.6166666746139526 0.02499997615814209 0.0362318754196167
1 0.5032608360052109 0.5782608687877655 0.028260856866836548 0.034782588481903076
1 0.44130435585975647 0.5028985440731049 0.030434787273406982 0.034782588481903076
1 0.447826087474823 0.6079710125923157 0.026086926460266113 0.0362318754196167
2 0.9005434513092041 0.604347825050354 0.02499997615814209 0.034782588481903076
2 0.3597826063632965 0.7826087027788162 0.019565224647521973 0.03768116235733032
0 0.416847825050354 0.4166666865348816 0.022826075553894043 0.03333330154418945
1 0.04619565233588219 0.6913043558597565 0.031521737575531006 0.02898550033569336
2 0.1092391274869442 0.6217391192913055 0.03369564563035965 0.034782588481903076
1 0.864673912525177 0.480434775352478 0.022826075553894043 0.0362318754196167
1 0.8152173757553101 0.42391306161880493 0.02173912525177002 0.0362318754196167
0 0.841847836971283 0.40942031145095825 0.01847827434539795 0.03333330154418945
