2 0.342934787273407 0.3971014618873596 0.027173876762390137 0.03768116235733032
2 0.353804349899292 0.24057970196008682 0.03152179718017578 0.04637680947780609
2 0.45923912525177 0.38333332538604736 0.02499997615814209 0.0362318754196167
1 0.4967391788959503 0.4217391312122345 0.028260886669158936 0.034782588481903076
1 0.5586956441402435 0.49710145592689514 0.030434787273406982 0.034782588481903076
1 0.552173912525177 0.3920289874076843 0.026086926460266113 0.0362318754196167
2 0.0994565486907959 0.395652174949646 0.02499997615814209 0.034782588481903076
2 0.6402173638343811 0.21739129722118378 0.019565224647521973 0.03768116235733032
0 0.583152174949646 0.5833333134651184 0.022826075553894043 0.03333330154418945
1 0.9538043439388275 0.30869564414024353 0.031521737575531006 0.02898550033569336
2 0.8907608687877655 0.37826088070869446 0.03369563817977905 0.034782588481903076
1 0.135326087474823 0.519565224647522 0.022826075553894043 0.0362318754196167
1 0.18478262424468994 0.5760869383811951 0.02173912525177002 0.0362318754196167
0 0.15815216302871704 0.5905796885490417 0.01847827434539795 0.03333330154418945
