2 0.6028985381126404 0.342934787273407 0.03768116235733032 0.027173876762390137
2 0.7594202980399132 0.353804349899292 0.04637680947780609 0.03152179718017578
2 0.6166666746139526 0.45923912525177 0.0362318754196167 0.02499997615814209
1 0.5782608687877655 0.4967391788959503 0.034782588481903076 0.028260886669158936
1 0.5028985440731049 0.5586956441402435 0.034782588481903076 0.030434787273406982
1 0.6079710125923157 0.552173912525177 0.0362318754196167 0.026086926460266113
2 0.604347825050354 0.0994565486907959 0.034782588481903076 0.02499997615814209
2 0.7826087027788162 0.6402173638343811 0.03768116235733032 0.019565224647521973
0 0.4166666865348816 0.583152174949646 0.03333330154418945 0.022826075553894043
1 0.6913043558597565 0.9538043439388275 0.02898550033569336 0.031521737575531006
2 0.6217391192913055 0.8907608687877655 0.034782588481903076 0.03369563817977905
1 0.480434775352478 0.135326087474823 0.0362318754196167 0.022826075553894043
1 0.42391306161880493 0.18478262424468994 0.0362318754196167 0.02173912525177002
0 0.40942031145095825 0.15815216302871704 0.03333330154418945 0.01847827434539795
