2 0.915217399597168 0.5144927352666855 0.0717390775680542 0.11304345726966858
1 0.501630425453186 0.03333333507180214 0.03804349899291992 0.06666667014360428
2 0.811956524848938 0.468115970492363 0.0739130973815918 0.08985510468482971
2 0.7244565486907959 0.41956523060798645 0.06413042545318604 0.06521737575531006
2 0.6940217614173889 0.3789854943752289 0.07065212726593018 0.06521737575531006
1 0.539130449295044 0.34130436182022095 0.04999995231628418 0.07101452350616455
2 0.363586962223053 0.18913044035434723 0.053260862827301025 0.05942028760910034
0 0.373913049697876 0.11811593919992447 0.04347825050354004 0.05072464048862457
0 0.3125 0.5195652395486832 0.042391300201416016 0.05942031741142273
0 0.43097826838493347 0.3115941882133484 0.03804349899291992 0.06666666269302368
0 0.46630436182022095 0.3188405930995941 0.030434787273406982 0.060869574546813965
0 0.384239137172699 0.29420289397239685 0.04021739959716797 0.052173912525177
0 0.2771739065647125 0.5101449489593506 0.045652151107788086 0.046376824378967285
2 0.07391304522752762 0.3492753505706787 0.0673913061618805 0.049275338649749756
2 0.14456522464752197 0.10869564861059189 0.06304347515106201 0.07246376574039459
2 0.021739130839705467 0.47826087474823 0.043478261679410934 0.06376814842224121
2 0.302717387676239 0.25289854407310486 0.04021739959716797 0.05072462558746338
