2 0.08478260040283203 0.4855072647333145 0.0717390775680542 0.11304345726966858
1 0.49836957454681396 0.9666666649281979 0.03804349899291992 0.06666667014360428
2 0.188043475151062 0.531884029507637 0.0739130973815918 0.08985510468482971
2 0.2755434513092041 0.5804347693920135 0.06413042545318604 0.06521737575531006
2 0.3059782385826111 0.6210145056247711 0.07065212726593018 0.06521737575531006
1 0.46086955070495605 0.658695638179779 0.04999995231628418 0.07101452350616455
2 0.636413037776947 0.8108695596456528 0.0532609224319458 0.05942028760910034
0 0.626086950302124 0.8818840608000755 0.04347825050354004 0.05072464048862457
0 0.6875 0.48043476045131683 0.042391300201416016 0.05942031741142273
0 0.5690217018127441 0.6884058117866516 0.03804349899291992 0.06666666269302368
0 0.533695638179779 0.6811594069004059 0.030434727668762207 0.060869574546813965
0 0.615760862827301 0.7057971060276031 0.04021739959716797 0.052173912525177
0 0.7228261232376099 0.4898550510406494 0.045652151107788086 0.046376824378967285
2 0.926086962223053 0.6507246494293213 0.0673912763595581 0.049275338649749756
2 0.855434775352478 0.8913043513894081 0.06304347515106201 0.07246376574039459
2 0.97826087474823 0.52173912525177 0.04347825050354004 0.06376814842224121
2 0.697282612323761 0.7471014559268951 0.04021739959716797 0.05072462558746338
