1 0.520652174949646 0.6572463512420654 0.06521737575531006 0.0681159496307373
2 0.3603261113166809 0.1920289844274521 0.05978262424468994 0.07681158185005188
1 0.3902173638343811 0.260869562625885 0.05217397212982178 0.046376824378967285
2 0.447826087474823 0.6934782862663269 0.04130434989929199 0.0739130973815918
2 0.2749999761581421 0.5072463750839233 0.06304347515106201 0.07826089859008789
1 0.166847825050354 0.5891304612159729 0.048913002014160156 0.05072462558746338
1 0.291847825050354 0.3340579569339752 0.06195652484893799 0.07971012592315674
0 0.5135869681835175 0.4072463810443878 0.04891306161880493 0.046376824378967285
0 0.501086950302124 0.5775362253189087 0.05217385292053223 0.05072462558746338
2 0.365760862827301 0.6905797123908997 0.04021739959716797 0.06231880187988281
2 0.23858696222305298 0.9007246494293213 0.048913002014160156 0.05072462558746338
