1 0.479347825050354 0.6572463512420654 0.06521737575531006 0.0681159496307373
2 0.6396738886833191 0.1920289844274521 0.05978262424468994 0.07681158185005188
1 0.6097826361656189 0.260869562625885 0.05217397212982178 0.046376824378967285
2 0.552173912525177 0.6934782862663269 0.04130434989929199 0.0739130973815918
2 0.7250000238418579 0.5072463750839233 0.06304347515106201 0.07826089859008789
1 0.833152174949646 0.5891304612159729 0.048913002014160156 0.05072462558746338
1 0.708152174949646 0.3340579569339752 0.06195652484893799 0.07971012592315674
0 0.48641303181648254 0.4072463810443878 0.04891306161880493 0.046376824378967285
0 0.498913049697876 0.5775362253189087 0.05217385292053223 0.05072462558746338
2 0.634239137172699 0.6905797123908997 0.04021739959716797 0.06231880187988281
2 0.761413037776947 0.9007246494293213 0.048913002014160156 0.05072462558746338
