1 0.488586962223053 0.32681161165237427 0.020652174949645996 0.04202902317047119
1 0.572826087474823 0.27246373891830444 0.02826082706451416 0.04057967662811279
2 0.4853260815143585 0.7057971060276031 0.022826075553894043 0.02898550033569336
1 0.29076087474823 0.8166666626930237 0.020652174949645996 0.0362318754196167
1 0.636956512928009 0.7297101318836212 0.026086926460266113 0.03333336114883423
1 0.5239130258560181 0.710869550704956 0.015217423439025879 0.018840551376342773
1 0.35760870575904846 0.634782612323761 0.017391324043273926 0.026086926460266113
0 0.5804347991943359 0.23260867595672607 0.02173912525177002 0.024637699127197266
0 0.616304337978363 0.7021739184856415 0.026086926460266113 0.0362318754196167
1 0.218478262424469 0.6623188257217407 0.023913055658340454 0.026086926460266113
0 0.3809782564640045 0.2565217614173889 0.020652174949645996 0.031884074211120605
