1 0.488586962223053 0.6731883883476257 0.020652174949645996 0.04202902317047119
1 0.572826087474823 0.7275362610816956 0.02826082706451416 0.04057967662811279
2 0.4853260815143585 0.29420289397239685 0.022826075553894043 0.02898550033569336
1 0.29076087474823 0.18333333730697632 0.020652174949645996 0.0362318754196167
1 0.636956512928009 0.2702898681163788 0.026086926460266113 0.03333336114883423
1 0.5239130258560181 0.28913044929504395 0.015217423439025879 0.018840551376342773
1 0.35760870575904846 0.365217387676239 0.017391324043273926 0.026086926460266113
0 0.5804347991943359 0.7673913240432739 0.02173912525177002 0.024637699127197266
0 0.616304337978363 0.2978260815143585 0.026086926460266113 0.0362318754196167
1 0.218478262424469 0.3376811742782593 0.023913055658340454 0.026086926460266113
0 0.3809782564640045 0.7434782385826111 0.020652174949645996 0.031884074211120605
