2 0.720652163028717 0.9702898543328047 0.054347872734069824 0.056521739810705185
2 0.5206522047519684 0.9173913057893515 0.05434781312942505 0.06956521794199944
1 0.6326087117195129 0.4637681245803833 0.045652151107788086 0.05797100067138672
2 0.553804337978363 0.6318840682506561 0.04456520080566406 0.05507248640060425
1 0.6217391490936279 0.4014492630958557 0.045652151107788086 0.04927539825439453
2 0.5081522166728973 0.37246376276016235 0.0358695387840271 0.06956517696380615
0 0.79347825050354 0.6688405871391296 0.03478264808654785 0.0362318754196167
0 0.6625000238418579 0.42463767528533936 0.042391300201416016 0.04057967662811279
0 0.5342391133308411 0.3492753505706787 0.029347777366638184 0.046376824378967285
0 0.591304361820221 0.7485507130622864 0.045652151107788086 0.039130449295043945
0 0.6298912763595581 0.8471014499664307 0.03152179718017578 0.039130449295043945
0 0.6733695864677429 0.8050724565982819 0.04021739959716797 0.039130449295043945
0 0.528804361820221 0.5963768064975739 0.035869598388671875 0.039130449295043945
0 0.6293478012084961 0.7963768094778061 0.030434727668762207 0.03913041949272156
0 0.6614130139350891 0.9007246345281601 0.035869598388671875 0.04492753744125366
2 0.747826099395752 0.6340579688549042 0.030434727668762207 0.042028963565826416
