2 0.27934783697128296 0.02971014566719532 0.054347872734069824 0.056521739810705185
2 0.4793477952480316 0.08260869421064854 0.05434781312942505 0.06956521794199944
1 0.36739128828048706 0.5362318754196167 0.045652151107788086 0.05797100067138672
2 0.44619566202163696 0.36811593174934387 0.04456520080566406 0.05507248640060425
1 0.37826085090637207 0.5985507369041443 0.045652151107788086 0.04927539825439453
2 0.49184778332710266 0.6275362372398376 0.0358695387840271 0.06956517696380615
0 0.20652174949645996 0.33115941286087036 0.03478264808654785 0.0362318754196167
0 0.3374999761581421 0.5753623247146606 0.042391300201416016 0.04057967662811279
0 0.46576088666915894 0.6507246494293213 0.029347777366638184 0.046376824378967285
0 0.40869563817977905 0.2514492869377136 0.045652151107788086 0.039130449295043945
0 0.3701087236404419 0.15289855003356934 0.03152179718017578 0.039130449295043945
0 0.3266304135322571 0.19492754340171814 0.04021739959716797 0.039130449295043945
0 0.47119563817977905 0.40362319350242615 0.035869598388671875 0.039130449295043945
0 0.3706521987915039 0.2036231905221939 0.030434727668762207 0.03913041949272156
0 0.3385869860649109 0.0992753654718399 0.035869598388671875 0.04492753744125366
2 0.25217390060424805 0.3659420311450958 0.030434727668762207 0.042028963565826416
