1 0.4222826063632965 0.36304348707199097 0.04891306161880493 0.053623199462890625
2 0.5864130258560181 0.678260862827301 0.04021739959716797 0.09275364875793457
1 0.604347825050354 0.593478262424469 0.054347872734069824 0.06231880187988281
1 0.544021725654602 0.4318840503692627 0.04673910140991211 0.05797100067138672
2 0.70652174949646 0.3963768184185028 0.04782605171203613 0.05072462558746338
1 0.45108696818351746 0.4057970941066742 0.04782611131668091 0.049275338649749756
2 0.686956524848938 0.6913043260574341 0.054347872734069824 0.09275364875793457
0 0.7423912882804871 0.43985506892204285 0.0369565486907959 0.06231886148452759
0 0.729347825050354 0.5507246255874634 0.04130434989929199 0.04057967662811279
0 0.885869562625885 0.502898558974266 0.045652151107788086 0.06956520676612854
1 0.532065212726593 0.5028985738754272 0.03804349899291992 0.046376824378967285
0 0.6179347634315491 0.6297101378440857 0.03369569778442383 0.05652177333831787
0 0.843478262424469 0.6746376752853394 0.04130434989929199 0.05942034721374512
0 0.877173900604248 0.5760869383811951 0.04130434989929199 0.04782605171203613
