2 0.39836956521739125 0.43913043478260866 0.04891304347826086 0.05507246376811594
1 0.453804347826087 0.31376811594202897 0.040217391304347816 0.05652173913043477
2 0.4923913043478261 0.2659420289855073 0.03043478260869563 0.053623188405797106
2 0.06576086956521739 0.5934782608695651 0.046739130434782575 0.07391304347826062
2 0.09076086956521742 0.7065217391304348 0.04673913043478264 0.05362318840579692
2 0.9657608695652175 0.6492753623188408 0.06847826086956517 0.11884057971014507
2 0.711413043478261 0.6152173913043478 0.04456521739130438 0.07101449275362313
2 0.5505434782608696 0.6282608695652173 0.0380434782608696 0.06521739130434774
2 0.8342391304347827 0.40507246376811595 0.044565217391304375 0.07391304347826086
1 0.6603260869565217 0.722463768115942 0.040217391304347885 0.0565217391304347
2 0.5576086956521739 0.7108695652173913 0.05217391304347828 0.07391304347826079
2 0.4076086956521739 0.8144927536231884 0.05 0.07536231884057969
1 0.6434782608695653 0.11159420289855072 0.036956521739130464 0.06086956521739133
2 0.6456521739130434 0.44202898550724634 0.04782608695652187 0.06956521739130432
1 0.5885869565217391 0.17391304347826086 0.04456521739130438 0.052173913043478265
1 0.4108695652173913 0.6456521739130436 0.03913043478260875 0.05072463768115945
1 0.3625 0.4768115942028986 0.03152173913043477 0.05217391304347821
1 0.9592391304347825 0.9166666666666665 0.08152173913043484 0.10579710144927545
1 0.2326086956521739 0.17753623188405798 0.03913043478260867 0.047826086956521754
1 0.4706521739130434 0.23188405797101452 0.032608695652173975 0.03768115942028988
