2 0.560869574546814 0.39836955070495605 0.05507248640060425 0.04891306161880493
1 0.6862318813800812 0.4538043439388275 0.056521713733673096 0.04021739959716797
2 0.7340579628944397 0.49239131808280945 0.053623199462890625 0.030434787273406982
2 0.406521737575531 0.06576087325811386 0.0739130973815918 0.0467391312122345
2 0.29347825050354004 0.09076087176799774 0.053623199462890625 0.0467391312122345
2 0.35072463750839233 0.9657608866691589 0.11884057521820068 0.06847822666168213
2 0.384782612323761 0.7114130258560181 0.07101452350616455 0.04456520080566406
2 0.37173914909362793 0.550543487071991 0.06521737575531006 0.03804349899291992
2 0.5949275493621826 0.83423912525177 0.07391303777694702 0.04456520080566406
1 0.27753621339797974 0.6603260636329651 0.05652177333831787 0.04021739959716797
2 0.28913044929504395 0.5576087236404419 0.0739130973815918 0.05217385292053223
2 0.18550723791122437 0.40760868787765503 0.07536232471466064 0.050000011920928955
1 0.8884057961404324 0.643478274345398 0.06086956709623337 0.0369565486907959
2 0.5579710006713867 0.645652174949646 0.06956523656845093 0.04782605171203613
1 0.8260869532823563 0.5885869860649109 0.052173912525177 0.04456520080566406
1 0.354347825050354 0.4108695685863495 0.05072462558746338 0.039130449295043945
1 0.5231883972883224 0.36250001192092896 0.05217394232749939 0.031521737575531006
1 0.08333331346511841 0.95923912525177 0.10579705238342285 0.08152174949645996
1 0.8224637657403946 0.23260869085788727 0.04782608151435852 0.03913041949272156
1 0.7681159377098083 0.47065216302871704 0.03768116235733032 0.03260868787765503
