2 0.601630449295044 0.43913042545318604 0.048913002014160156 0.05507248640060425
1 0.5461956262588501 0.3137681186199188 0.04021739959716797 0.056521713733673096
2 0.5076086819171906 0.2659420371055603 0.030434787273406982 0.053623199462890625
2 0.9342391192913055 0.593478262424469 0.046739161014556885 0.0739130973815918
2 0.9092391431331635 0.70652174949646 0.046739161014556885 0.053623199462890625
2 0.034239113330841064 0.6492753624916077 0.06847822666168213 0.11884057521820068
2 0.28858697414398193 0.615217387676239 0.04456520080566406 0.07101452350616455
2 0.44945651292800903 0.6282608509063721 0.03804349899291992 0.06521737575531006
2 0.16576087474822998 0.4050724506378174 0.04456520080566406 0.07391303777694702
1 0.3396739363670349 0.7224637866020203 0.04021739959716797 0.05652177333831787
2 0.4423912763595581 0.710869550704956 0.05217385292053223 0.0739130973815918
2 0.592391312122345 0.8144927620887756 0.05000007152557373 0.07536232471466064
1 0.35652172565460205 0.11159420385956764 0.0369565486907959 0.06086956709623337
2 0.354347825050354 0.4420289993286133 0.04782605171203613 0.06956523656845093
1 0.4114130139350891 0.17391304671764374 0.04456520080566406 0.052173912525177
1 0.5891304016113281 0.645652174949646 0.039130449295043945 0.05072462558746338
1 0.637499988079071 0.47681160271167755 0.03152167797088623 0.05217394232749939
1 0.04076087474822998 0.9166666865348816 0.08152174949645996 0.10579705238342285
1 0.7673913240432739 0.1775362342596054 0.039130449295043945 0.04782608151435852
1 0.529347836971283 0.23188406229019165 0.032608628273010254 0.03768116235733032
