1 0.280434787273407 0.3746376931667328 0.060869574546813965 0.0681159496307373
1 0.34130436182022095 0.40289855003356934 0.04999995231628418 0.07536232471466064
2 0.34239131212234497 0.5898550748825073 0.054347872734069824 0.08985507488250732
0 0.43967390060424805 0.615217387676239 0.048913002014160156 0.0739130973815918
2 0.04076087474822998 0.0260869562625885 0.04456520080566406 0.052173912525177
0 0.32499998807907104 0.4855072498321533 0.039130449295043945 0.046376824378967285
1 0.1923912763595581 0.18840579688549042 0.032608747482299805 0.04347825050354004
0 0.15271741151809692 0.21449275314807892 0.03152167797088623 0.04347825050354004
1 0.2777174115180969 0.0195652162656188 0.03152167797088623 0.03333333320915699
2 0.2652173638343811 0.16884058713912964 0.026086926460266113 0.04782608151435852
0 0.11847823858261108 0.07536231726408005 0.032608747482299805 0.03188405930995941
0 0.07989132404327393 0.49782609939575195 0.029347777366638184 0.039130449295043945
0 0.15326088666915894 0.5028985887765884 0.02826082706451416 0.034782618284225464
