1 0.719565212726593 0.3746376931667328 0.060869574546813965 0.0681159496307373
1 0.658695638179779 0.40289855003356934 0.04999995231628418 0.07536232471466064
2 0.657608687877655 0.5898550748825073 0.054347872734069824 0.08985507488250732
0 0.560326099395752 0.615217387676239 0.048913002014160156 0.0739130973815918
2 0.95923912525177 0.0260869562625885 0.04456520080566406 0.052173912525177
0 0.675000011920929 0.4855072498321533 0.039130449295043945 0.046376824378967285
1 0.8076087236404419 0.18840579688549042 0.032608747482299805 0.04347825050354004
0 0.8472825884819031 0.21449275314807892 0.03152167797088623 0.04347825050354004
1 0.7222825884819031 0.0195652162656188 0.03152167797088623 0.03333333320915699
2 0.7347826361656189 0.16884058713912964 0.026086926460266113 0.04782608151435852
0 0.8815217614173889 0.07536231726408005 0.032608747482299805 0.03188405930995941
0 0.9201086759567261 0.49782609939575195 0.029347777366638184 0.039130449295043945
0 0.8467391133308411 0.5028985887765884 0.02826082706451416 0.034782618284225464
