1 0.447826087474823 0.7050724625587463 0.11304342746734619 0.08840584754943848
0 0.48750001192092896 0.593478262424469 0.09891307353973389 0.11739134788513184
2 0.395108699798584 0.5753623247146606 0.1619565486907959 0.16231882572174072
1 0.854891300201416 0.8920289874076843 0.14891302585601807 0.15217387676239014
1 0.907065212726593 0.8057971000671387 0.166304349899292 0.18840575218200684
0 0.8402174115180969 0.697826087474823 0.10652172565460205 0.14347827434539795
1 0.480434775352478 0.14782609045505524 0.05869567394256592 0.09275361895561218
0 0.5342391729354858 0.09420289844274521 0.042391300201416016 0.05797101557254791
0 0.49728262424468994 0.10869564861059189 0.04673910140991211 0.07246376574039459
1 0.33532607555389404 0.251449279487133 0.035869598388671875 0.05652172863483429
