2 0.42391306161880493 0.33695653080940247 0.07826089859008789 0.1086956262588501
2 0.323913037776947 0.4384058117866516 0.08478260040283203 0.10579711198806763
0 0.33641302585601807 0.5985507369041443 0.05543482303619385 0.09275364875793457
0 0.2760869860649109 0.8101449012756348 0.0739130973815918 0.09855067729949951
0 0.25163042545318604 0.7362318634986877 0.07717394828796387 0.08115947246551514
0 0.17500001192092896 0.813043475151062 0.0739130973815918 0.07536232471466064
0 0.6913043260574341 0.428260862827301 0.045652151107788086 0.07101452350616455
0 0.6288043558597565 0.46086955070495605 0.0358695387840271 0.060869574546813965
0 0.6309782266616821 0.5152173489332199 0.042391300201416016 0.04782608151435852
0 0.303260862827301 0.9101449251174927 0.08478260040283203 0.08405792713165283
0 0.36684781312942505 0.9536231756210327 0.06195652484893799 0.07826089859008789
2 0.42989128828048706 0.5181159377098083 0.07717394828796387 0.11159420013427734
0 0.563586950302124 0.4275362193584442 0.03804349899291992 0.05507248640060425
