2 0.5760869383811951 0.33695653080940247 0.07826089859008789 0.1086956262588501
2 0.676086962223053 0.4384058117866516 0.08478260040283203 0.10579711198806763
0 0.6635869741439819 0.5985507369041443 0.05543482303619385 0.09275364875793457
0 0.7239130139350891 0.8101449012756348 0.0739130973815918 0.09855067729949951
0 0.748369574546814 0.7362318634986877 0.07717394828796387 0.08115947246551514
0 0.824999988079071 0.813043475151062 0.0739130973815918 0.07536232471466064
0 0.30869564414024353 0.428260862827301 0.045652151107788086 0.07101452350616455
0 0.37119564414024353 0.46086955070495605 0.0358695387840271 0.060869574546813965
0 0.3690217435359955 0.5152173489332199 0.042391300201416016 0.04782608151435852
0 0.696739137172699 0.9101449251174927 0.08478260040283203 0.08405792713165283
0 0.633152186870575 0.9536231756210327 0.06195652484893799 0.07826089859008789
2 0.5701087117195129 0.5181159377098083 0.07717394828796387 0.11159420013427734
0 0.436413049697876 0.4275362193584442 0.03804349899291992 0.05507248640060425
