2 0.560326099395752 0.6159420311450958 0.048913002014160156 0.06956523656845093
1 0.479891300201416 0.45652174949645996 0.04456520080566406 0.05217385292053223
1 0.572282612323761 0.4681159257888794 0.03369569778442383 0.04347825050354004
1 0.8793478012084961 0.6144927442073822 0.02826082706451416 0.03768116235733032
1 0.4320652186870575 0.6094202995300293 0.02934783697128296 0.04492753744125366
0 0.553260862827301 0.4101449251174927 0.02826082706451416 0.046376824378967285
0 0.6505434513092041 0.42536234855651855 0.03152179718017578 0.04782605171203613
1 0.83423912525177 0.44565218687057495 0.042391300201416016 0.039130449295043945
1 0.634782612323761 0.6028985381126404 0.04347825050354004 0.05797100067138672
1 0.541847825050354 0.6659420430660248 0.035869598388671875 0.04492753744125366
0 0.6070652008056641 0.5253623127937317 0.03804349899291992 0.04782611131668091
0 0.5983695387840271 0.46014493703842163 0.029347777366638184 0.04202902317047119
1 0.4641304314136505 0.5760869681835175 0.034782588481903076 0.04492753744125366
0 0.9853261113166809 0.6333333253860474 0.029347777366638184 0.03768116235733032
0 0.8722826242446899 0.7565217465162277 0.03152179718017578 0.04057970643043518
