2 0.560326099395752 0.3840579688549042 0.048913002014160156 0.06956523656845093
1 0.479891300201416 0.54347825050354 0.04456520080566406 0.05217385292053223
1 0.572282612323761 0.5318840742111206 0.03369569778442383 0.04347825050354004
1 0.8793478012084961 0.3855072557926178 0.02826082706451416 0.03768116235733032
1 0.4320652186870575 0.3905797004699707 0.02934783697128296 0.04492753744125366
0 0.553260862827301 0.5898550748825073 0.02826082706451416 0.046376824378967285
0 0.6505434513092041 0.5746376514434814 0.03152179718017578 0.04782605171203613
1 0.83423912525177 0.554347813129425 0.042391300201416016 0.039130449295043945
1 0.634782612323761 0.3971014618873596 0.04347825050354004 0.05797100067138672
1 0.541847825050354 0.3340579569339752 0.035869598388671875 0.04492753744125366
0 0.6070652008056641 0.4746376872062683 0.03804349899291992 0.04782611131668091
0 0.5983695387840271 0.5398550629615784 0.029347777366638184 0.04202902317047119
1 0.4641304314136505 0.42391303181648254 0.034782588481903076 0.04492753744125366
0 0.9853261113166809 0.36666667461395264 0.029347777366638184 0.03768116235733032
0 0.8722826242446899 0.24347825348377228 0.03152179718017578 0.04057970643043518
