2 0.544021725654602 0.6449275314807892 0.0358695387840271 0.046376824378967285
2 0.44619566202163696 0.699999988079071 0.027173876762390137 0.04347825050354004
1 0.7722826153039932 0.686956524848938 0.03369566798210144 0.04347825050354004
2 0.8163043409585953 0.8195652216672897 0.028260856866836548 0.0362318754196167
1 0.9239130467176437 0.7615942135453224 0.03478260338306427 0.04202897846698761
1 0.564673900604248 0.43623191118240356 0.0358695387840271 0.04057967662811279
1 0.3706521987915039 0.6731884181499481 0.0369565486907959 0.04782611131668091
1 0.9385869577527046 0.8499999940395355 0.029347822070121765 0.042028993368148804
0 0.447282612323761 0.5311594307422638 0.02499997615814209 0.030434787273406982
0 0.3288043737411499 0.3637681007385254 0.029347777366638184 0.03768110275268555
