2 0.45597827434539795 0.3550724685192108 0.0358695387840271 0.046376824378967285
2 0.553804337978363 0.30000001192092896 0.027173876762390137 0.04347825050354004
1 0.22771738469600677 0.313043475151062 0.03369566798210144 0.04347825050354004
2 0.18369565904140472 0.18043477833271027 0.028260856866836548 0.0362318754196167
1 0.07608695328235626 0.23840578645467758 0.03478260338306427 0.04202897846698761
1 0.43532609939575195 0.5637680888175964 0.0358695387840271 0.04057967662811279
1 0.6293478012084961 0.3268115818500519 0.0369565486907959 0.04782611131668091
1 0.06141304224729538 0.15000000596046448 0.029347822070121765 0.042028993368148804
0 0.552717387676239 0.4688405692577362 0.02499997615814209 0.030434787273406982
0 0.6711956262588501 0.6362318992614746 0.029347777366638184 0.03768110275268555
