1 0.33152174949645996 0.5536231994628906 0.034782588481903076 0.05507242679595947
0 0.3804347813129425 0.5427536368370056 0.034782588481903076 0.053623199462890625
1 0.6614130139350891 0.4050724506378174 0.027173876762390137 0.0681159496307373
2 0.6907608509063721 0.40289855003356934 0.029347777366638184 0.05507248640060425
1 0.9548913240432739 0.2753623127937317 0.03804349899291992 0.060869574546813965
0 0.373913049697876 0.6050724387168884 0.028260886669158936 0.04492747783660889
0 0.34728261828422546 0.6007246375083923 0.02934783697128296 0.04492747783660889
2 0.47554346919059753 0.6572463512420654 0.03369563817977905 0.03333330154418945
2 0.5885869860649109 0.6101449131965637 0.03152167797088623 0.046376824378967285
1 0.833695650100708 0.5840579867362976 0.04347825050354004 0.03768110275268555
1 0.989130437374115 0.27391305565834045 0.02173912525177002 0.052173912525177
1 0.842934787273407 0.16014492511749268 0.07065212726593018 0.05652174353599548
2 0.08152174204587936 0.06449275650084019 0.07608695328235626 0.07391304895281792
