1 0.250543475151062 0.45434780418872833 0.15760868787765503 0.12898549437522888
2 0.23749999701976776 0.23043478280305862 0.11195650696754456 0.09275363385677338
0 0.29456523060798645 0.15362319350242615 0.05869567394256592 0.09565216302871704
2 0.14728261530399323 0.48695650696754456 0.12934783101081848 0.11304348707199097
1 0.46195653080940247 0.42971013486385345 0.11304348707199097 0.14927533268928528
2 0.7130434513092041 0.489130437374115 0.1499999761581421 0.16956520080566406
2 0.613586962223053 0.804347813129425 0.1206521987915039 0.15362322330474854
2 0.5217391103506088 0.9108695387840271 0.11086955666542053 0.1782609224319458
2 0.4016304314136505 0.897826075553894 0.11847823858261108 0.17536234855651855
0 0.18152174353599548 0.29420289397239685 0.06521737575531006 0.06376808881759644
2 0.019021738320589066 0.502898558974266 0.03804347664117813 0.06956520676612854
