1 0.250543475151062 0.5456521958112717 0.15760868787765503 0.12898549437522888
2 0.23749999701976776 0.7695652171969414 0.11195650696754456 0.09275363385677338
0 0.29456523060798645 0.8463768064975739 0.05869567394256592 0.09565216302871704
2 0.14728261530399323 0.5130434930324554 0.12934783101081848 0.11304348707199097
1 0.46195653080940247 0.5702898651361465 0.11304348707199097 0.14927533268928528
2 0.7130434513092041 0.510869562625885 0.1499999761581421 0.16956520080566406
2 0.613586962223053 0.19565218687057495 0.1206521987915039 0.15362322330474854
2 0.5217391103506088 0.0891304612159729 0.11086955666542053 0.1782609224319458
2 0.4016304314136505 0.10217392444610596 0.11847823858261108 0.17536234855651855
0 0.18152174353599548 0.7057971060276031 0.06521737575531006 0.06376808881759644
2 0.019021738320589066 0.49710144102573395 0.03804347664117813 0.06956520676612854
