1 0.749456524848938 0.45434780418872833 0.1576087474822998 0.12898549437522888
2 0.762499988079071 0.23043478280305862 0.11195647716522217 0.09275363385677338
0 0.7054347395896912 0.15362319350242615 0.05869567394256592 0.09565216302871704
2 0.852717399597168 0.48695650696754456 0.1293478012084961 0.11304348707199097
1 0.5380434691905975 0.42971013486385345 0.11304348707199097 0.14927533268928528
2 0.2869565486907959 0.489130437374115 0.1499999761581421 0.16956520080566406
2 0.386413037776947 0.804347813129425 0.1206521987915039 0.15362322330474854
2 0.47826090455055237 0.9108695387840271 0.11086958646774292 0.1782609224319458
2 0.5983695685863495 0.897826075553894 0.11847823858261108 0.17536234855651855
0 0.8184782862663269 0.29420289397239685 0.06521737575531006 0.06376808881759644
2 0.98097825050354 0.502898558974266 0.03804349899291992 0.06956520676612854
