2 0.5576086938381195 0.6000000238418579 0.034782588481903076 0.04927539825439453
0 0.426086962223053 0.42463767528533936 0.02826082706451416 0.03768116235733032
2 0.03750002384185791 0.29420289397239685 0.04456520080566406 0.05507248640060425
1 0.04673910140991211 0.5021739155054092 0.04999995231628418 0.05942031741142273
0 0.07608693838119507 0.4536231756210327 0.045652151107788086 0.049275338649749756
0 0.17500001192092896 0.4000000059604645 0.032608747482299805 0.03768116235733032
0 0.4635869860649109 0.47028985619544983 0.022826075553894043 0.0362318754196167
0 0.385869562625885 0.4862319082021713 0.02826082706451416 0.03623190522193909
0 0.7831521779298782 0.5289855003356934 0.027173906564712524 0.04057967662811279
0 0.533695638179779 0.6181159615516663 0.026086926460266113 0.030434727668762207
0 0.5880434811115265 0.6173912882804871 0.028260886669158936 0.03478264808654785
0 0.7630434781312943 0.5333333611488342 0.023913055658340454 0.03768110275268555
0 0.08586955070495605 0.49275361001491547 0.032608747482299805 0.04057970643043518
