0 0.5679347813129425 0.4166666567325592 0.03369563817977905 0.039130449295043945
0 0.5255434811115265 0.3753623068332672 0.027173936367034912 0.04347825050354004
1 0.770652174949646 0.22753623127937317 0.030434846878051758 0.04347825050354004
1 0.6277174353599548 0.3905797004699707 0.02499997615814209 0.042028963565826416
0 0.560326099395752 0.384782612323761 0.02499997615814209 0.03333336114883423
0 0.8385869562625885 0.550000011920929 0.02934783697128296 0.03333330154418945
1 0.697282612323761 0.4681159555912018 0.022826075553894043 0.02898550033569336
0 0.269565224647522 0.41449275612831116 0.023913025856018066 0.034782588481903076
0 0.2951086759567261 0.4492753744125366 0.022826075553894043 0.034782588481903076
0 0.37173914909362793 0.5101449489593506 0.023913025856018066 0.031884074211120605
0 0.842391312122345 0.3398550748825073 0.02826082706451416 0.039130449295043945
