2 0.5635869354009628 0.41956520080566406 0.13369563221931458 0.13768112659454346
1 0.686413049697876 0.20434784889221191 0.09673917293548584 0.09565222263336182
1 0.553260862827301 0.04710143804550171 0.08043479919433594 0.09420287609100342
2 0.3385869562625885 0.5673913061618805 0.08586955070495605 0.09420287609100342
0 0.07608695141971111 0.643478274345398 0.05869564786553383 0.0724637508392334
0 0.042934782803058624 0.7420289739966393 0.03804347664117813 0.06956522166728973
0 0.038586956448853016 0.8499999940395355 0.04239130578935146 0.0681159496307373
0 0.10326087102293968 0.8978260885924101 0.04782608896493912 0.08260869607329369
0 0.09130434691905975 0.8210144937038422 0.045652180910110474 0.07681161165237427
0 0.156521737575531 0.8166666626930237 0.03695651888847351 0.07391303777694702
