2 0.5635869354009628 0.5804347991943359 0.13369563221931458 0.13768112659454346
1 0.686413049697876 0.7956521511077881 0.09673917293548584 0.09565222263336182
1 0.553260862827301 0.9528985619544983 0.08043479919433594 0.09420287609100342
2 0.3385869562625885 0.4326086938381195 0.08586955070495605 0.09420287609100342
0 0.07608695141971111 0.35652172565460205 0.05869564786553383 0.0724637508392334
0 0.042934782803058624 0.25797102600336075 0.03804347664117813 0.06956522166728973
0 0.038586956448853016 0.15000000596046448 0.04239130578935146 0.0681159496307373
0 0.10326087102293968 0.10217391140758991 0.04782608896493912 0.08260869607329369
0 0.09130434691905975 0.17898550629615784 0.045652180910110474 0.07681161165237427
0 0.156521737575531 0.18333333730697632 0.03695651888847351 0.07391303777694702
