2 0.5358695983886719 0.46594202518463135 0.045652151107788086 0.05942028760910034
2 0.582608699798584 0.145652174949646 0.05434775352478027 0.0681159496307373
2 0.3597826361656189 0.06521739065647125 0.054347872734069824 0.06376811861991882
2 0.3271738886833191 0.056521741673350334 0.04782605171203613 0.0521739162504673
2 0.26902174949645996 0.30942028760910034 0.03369569778442383 0.04492753744125366
1 0.251086950302124 0.37681159377098083 0.0369565486907959 0.04057973623275757
2 0.29402172565460205 0.41376811265945435 0.04021739959716797 0.053623199462890625
1 0.44945651292800903 0.6492753624916077 0.04456520080566406 0.05797100067138672
2 0.572826087474823 0.7652173638343811 0.039130449295043945 0.06666672229766846
1 0.44945651292800903 0.7239130139350891 0.0510869026184082 0.05942034721374512
0 0.40923911333084106 0.6985507011413574 0.048913002014160156 0.046376824378967285
0 0.4961956739425659 0.3297101557254791 0.04456520080566406 0.042028963565826416
2 0.40489131212234497 0.14855071902275085 0.05543482303619385 0.0681159496307373
0 0.4228261113166809 0.1463768221437931 0.039130449295043945 0.04637681692838669
0 0.4108695387840271 0.2615941986441612 0.04130434989929199 0.05652172863483429
0 0.458695650100708 0.22028985619544983 0.02826082706451416 0.049275368452072144
0 0.563043475151062 0.5144927650690079 0.032608747482299805 0.049275368452072144
0 0.5483695566654205 0.791304349899292 0.02934783697128296 0.05797100067138672
1 0.17445653676986694 0.12826086580753326 0.029347777366638184 0.0362318754196167
0 0.4619565010070801 0.2746376693248749 0.03478264808654785 0.042028963565826416
0 0.42391306161880493 0.030434781685471535 0.032608747482299805 0.04637681320309639
