2 0.4641304314136505 0.46594202518463135 0.045652151107788086 0.05942028760910034
2 0.417391300201416 0.145652174949646 0.05434781312942505 0.0681159496307373
2 0.6402173638343811 0.06521739065647125 0.054347872734069824 0.06376811861991882
2 0.6728261113166809 0.056521741673350334 0.04782605171203613 0.0521739162504673
2 0.73097825050354 0.30942028760910034 0.03369569778442383 0.04492753744125366
1 0.748913049697876 0.37681159377098083 0.0369565486907959 0.04057973623275757
2 0.705978274345398 0.41376811265945435 0.04021739959716797 0.053623199462890625
1 0.550543487071991 0.6492753624916077 0.04456520080566406 0.05797100067138672
2 0.427173912525177 0.7652173638343811 0.039130449295043945 0.06666672229766846
1 0.550543487071991 0.7239130139350891 0.0510869026184082 0.05942034721374512
0 0.5907608866691589 0.6985507011413574 0.048913002014160156 0.046376824378967285
0 0.5038043260574341 0.3297101557254791 0.04456520080566406 0.042028963565826416
2 0.595108687877655 0.14855071902275085 0.05543482303619385 0.0681159496307373
0 0.5771738886833191 0.1463768221437931 0.039130449295043945 0.04637681692838669
0 0.5891304612159729 0.2615941986441612 0.04130434989929199 0.05652172863483429
0 0.541304349899292 0.22028985619544983 0.02826082706451416 0.049275368452072144
0 0.436956524848938 0.5144927650690079 0.03260868787765503 0.049275368452072144
0 0.45163044333457947 0.791304349899292 0.02934783697128296 0.05797100067138672
1 0.8255434632301331 0.12826086580753326 0.029347777366638184 0.0362318754196167
0 0.5380434989929199 0.2746376693248749 0.03478264808654785 0.042028963565826416
0 0.5760869383811951 0.030434781685471535 0.032608747482299805 0.04637681320309639
