2 0.5358695983886719 0.5340579748153687 0.045652151107788086 0.05942028760910034
2 0.582608699798584 0.854347825050354 0.05434775352478027 0.0681159496307373
2 0.3597826361656189 0.9347826093435287 0.054347872734069824 0.06376811861991882
2 0.3271738886833191 0.9434782583266497 0.04782605171203613 0.0521739162504673
2 0.26902174949645996 0.6905797123908997 0.03369569778442383 0.04492753744125366
1 0.251086950302124 0.6231884062290192 0.0369565486907959 0.04057973623275757
2 0.29402172565460205 0.5862318873405457 0.04021739959716797 0.053623199462890625
1 0.44945651292800903 0.35072463750839233 0.04456520080566406 0.05797100067138672
2 0.572826087474823 0.2347826361656189 0.039130449295043945 0.06666672229766846
1 0.44945651292800903 0.2760869860649109 0.0510869026184082 0.05942034721374512
0 0.40923911333084106 0.3014492988586426 0.048913002014160156 0.046376824378967285
0 0.4961956739425659 0.6702898442745209 0.04456520080566406 0.042028963565826416
2 0.40489131212234497 0.8514492809772491 0.05543482303619385 0.0681159496307373
0 0.4228261113166809 0.8536231778562069 0.039130449295043945 0.04637681692838669
0 0.4108695387840271 0.7384058013558388 0.04130434989929199 0.05652172863483429
0 0.458695650100708 0.7797101438045502 0.02826082706451416 0.049275368452072144
0 0.563043475151062 0.4855072349309921 0.032608747482299805 0.049275368452072144
0 0.5483695566654205 0.208695650100708 0.02934783697128296 0.05797100067138672
1 0.17445653676986694 0.8717391341924667 0.029347777366638184 0.0362318754196167
0 0.4619565010070801 0.7253623306751251 0.03478264808654785 0.042028963565826416
0 0.42391306161880493 0.9695652183145285 0.032608747482299805 0.04637681320309639
