1 0.594565212726593 0.09057971276342869 0.09130442142486572 0.10000000521540642
1 0.09728258848190308 0.15797100961208344 0.07717394828796387 0.10144928097724915
1 0.4527173638343811 0.4956521689891815 0.06630432605743408 0.12753623723983765
1 0.727717399597168 0.5384057611227036 0.08152174949645996 0.12028983235359192
1 0.6902174353599548 0.7137681245803833 0.06304347515106201 0.13188409805297852
1 0.58423912525177 0.5797101259231567 0.057608723640441895 0.12173914909362793
1 0.6505435109138489 0.5891304612159729 0.06413042545318604 0.10289859771728516
1 0.7548913359642029 0.7079710364341736 0.05978262424468994 0.09420287609100342
1 0.552717387676239 0.33043476939201355 0.07282602787017822 0.08985507488250732
1 0.6190217435359955 0.197826087474823 0.07499998807907104 0.09710144996643066
1 0.5798913240432739 0.23695652186870575 0.04456520080566406 0.08550724387168884
1 0.4201086759567261 0.32101449370384216 0.057608723640441895 0.08260869979858398
1 0.11141306161880493 0.2594202756881714 0.07500004768371582 0.11014491319656372
1 0.1820651888847351 0.16449275985360146 0.06847822666168213 0.09130435436964035
1 0.384782612323761 0.4050724506378174 0.06304347515106201 0.09420287609100342
1 0.386413037776947 0.5166666507720947 0.06413042545318604 0.09710144996643066
1 0.49728262424468994 0.2775362432003021 0.06630432605743408 0.09130436182022095
