1 0.405434787273407 0.09057971276342869 0.09130436182022095 0.10000000521540642
1 0.9027174115180969 0.15797100961208344 0.07717394828796387 0.10144928097724915
1 0.5472826361656189 0.4956521689891815 0.06630432605743408 0.12753623723983765
1 0.27228260040283203 0.5384057611227036 0.08152174949645996 0.12028983235359192
1 0.30978259444236755 0.7137681245803833 0.06304347515106201 0.13188409805297852
1 0.41576087474823 0.5797101259231567 0.057608723640441895 0.12173914909362793
1 0.3494565188884735 0.5891304612159729 0.06413042545318604 0.10289859771728516
1 0.2451086938381195 0.7079710364341736 0.05978262424468994 0.09420287609100342
1 0.447282612323761 0.33043476939201355 0.072826087474823 0.08985507488250732
1 0.3809782564640045 0.197826087474823 0.07499998807907104 0.09710144996643066
1 0.42010870575904846 0.23695652186870575 0.04456520080566406 0.08550724387168884
1 0.5798913240432739 0.32101449370384216 0.057608723640441895 0.08260869979858398
1 0.8885869383811951 0.2594202756881714 0.07500004768371582 0.11014491319656372
1 0.8179348111152649 0.16449275985360146 0.06847822666168213 0.09130435436964035
1 0.615217387676239 0.4050724506378174 0.06304347515106201 0.09420287609100342
1 0.613586962223053 0.5166666507720947 0.06413042545318604 0.09710144996643066
1 0.5027173757553101 0.2775362432003021 0.06630432605743408 0.09130436182022095
