1 0.40543478260869564 0.09057971014492752 0.09130434782608704 0.09999999999999998
1 0.9027173913043478 0.15797101449275366 0.07717391304347847 0.10144927536231892
1 0.5472826086956522 0.49565217391304345 0.06630434782608695 0.12753623188405797
1 0.2722826086956522 0.5384057971014492 0.08152173913043484 0.12028985507246368
1 0.30978260869565216 0.713768115942029 0.06304347826086958 0.13188405797101452
1 0.41576086956521735 0.5797101449275363 0.05760869565217391 0.12173913043478252
1 0.34945652173913044 0.5891304347826086 0.06413043478260867 0.10289855072463766
1 0.2451086956521739 0.7079710144927536 0.05978260869565215 0.09420289855072472
1 0.4472826086956522 0.33043478260869563 0.07282608695652172 0.08985507246376813
1 0.3809782608695652 0.19782608695652176 0.075 0.09710144927536234
1 0.4201086956521739 0.23695652173913043 0.044565217391304375 0.08550724637681156
1 0.579891304347826 0.3210144927536232 0.05760869565217399 0.08260869565217402
1 0.888586956521739 0.2594202898550725 0.07499999999999986 0.11014492753623188
1 0.8179347826086957 0.1644927536231884 0.06847826086956531 0.09130434782608696
1 0.6152173913043479 0.40507246376811595 0.06304347826086948 0.09420289855072461
1 0.6135869565217394 0.5166666666666666 0.06413043478260874 0.09710144927536217
1 0.5027173913043478 0.277536231884058 0.066304347826087 0.09130434782608703
