1 0.17282608151435852 0.41376811265945435 0.028260856866836548 0.0362318754196167
2 0.530978262424469 0.3637681305408478 0.020652174949645996 0.034782588481903076
0 0.32554349303245544 0.23768116533756256 0.02499997615814209 0.03188404440879822
0 0.30000001192092896 0.23768117278814316 0.028260886669158936 0.028985515236854553
1 0.18641304969787598 0.3898550868034363 0.027173906564712524 0.034782588481903076
1 0.15000000596046448 0.40869563817977905 0.030434787273406982 0.031884074211120605
1 0.15326087176799774 0.4333333373069763 0.030434787273406982 0.04057973623275757
1 0.10978260636329651 0.29347825050354004 0.030434787273406982 0.03333336114883423
2 0.5157608985900879 0.38333332538604736 0.02499997615814209 0.0362318754196167
0 0.5864130258560181 0.4014492630958557 0.016304373741149902 0.031884074211120605
0 0.5663043260574341 0.4217391312122345 0.02173912525177002 0.031884074211120605
0 0.32499998807907104 0.32608696818351746 0.02173912525177002 0.02898550033569336
0 0.3070652186870575 0.343478262424469 0.02499997615814209 0.03768116235733032
0 0.13369564712047577 0.2862318754196167 0.0260869562625885 0.030434787273406982
0 0.10869564861059189 0.3231883943080902 0.02391304075717926 0.02608698606491089
1 0.18586955964565277 0.43550723791122437 0.034782618284225464 0.0362318754196167
1 0.10217390954494476 0.5804347991943359 0.030434787273406982 0.03333330154418945
0 0.789673924446106 0.6311594247817993 0.03369569778442383 0.04202902317047119
