1 0.41376811265945435 0.17282608151435852 0.0362318754196167 0.028260886669158936
2 0.3637681305408478 0.530978262424469 0.034782588481903076 0.020652174949645996
0 0.23768116533756256 0.32554346323013306 0.03188404440879822 0.02499997615814209
0 0.23768117278814316 0.30000001192092896 0.028985515236854553 0.02826082706451416
1 0.3898550868034363 0.18641304969787598 0.034782588481903076 0.027173876762390137
1 0.40869563817977905 0.15000000596046448 0.031884074211120605 0.030434787273406982
1 0.4333333373069763 0.15326085686683655 0.04057973623275757 0.030434787273406982
1 0.29347825050354004 0.10978260636329651 0.03333336114883423 0.030434787273406982
2 0.38333332538604736 0.5157608985900879 0.0362318754196167 0.02499997615814209
0 0.4014492630958557 0.5864130258560181 0.031884074211120605 0.016304373741149902
0 0.4217391312122345 0.5663043260574341 0.031884074211120605 0.02173912525177002
0 0.32608696818351746 0.32499998807907104 0.02898550033569336 0.02173912525177002
0 0.343478262424469 0.3070651888847351 0.03768116235733032 0.02499997615814209
0 0.2862318754196167 0.13369566202163696 0.030434787273406982 0.026086926460266113
0 0.3231883943080902 0.10869565606117249 0.02608698606491089 0.023913085460662842
1 0.43550723791122437 0.18586957454681396 0.0362318754196167 0.03478264808654785
1 0.5804347991943359 0.10217389464378357 0.03333330154418945 0.030434787273406982
0 0.6311594247817993 0.789673924446106 0.04202902317047119 0.03369569778442383
