1 0.8271739184856415 0.41376811265945435 0.028260886669158936 0.0362318754196167
2 0.469021737575531 0.3637681305408478 0.020652174949645996 0.034782588481903076
0 0.6744565367698669 0.23768116533756256 0.02499997615814209 0.03188404440879822
0 0.699999988079071 0.23768117278814316 0.02826082706451416 0.028985515236854553
1 0.813586950302124 0.3898550868034363 0.027173876762390137 0.034782588481903076
1 0.8499999940395355 0.40869563817977905 0.030434787273406982 0.031884074211120605
1 0.8467391431331635 0.4333333373069763 0.030434787273406982 0.04057973623275757
1 0.8902173936367035 0.29347825050354004 0.030434787273406982 0.03333336114883423
2 0.4842391014099121 0.38333332538604736 0.02499997615814209 0.0362318754196167
0 0.41358697414398193 0.4014492630958557 0.016304373741149902 0.031884074211120605
0 0.4336956739425659 0.4217391312122345 0.02173912525177002 0.031884074211120605
0 0.675000011920929 0.32608696818351746 0.02173912525177002 0.02898550033569336
0 0.6929348111152649 0.343478262424469 0.02499997615814209 0.03768116235733032
0 0.866304337978363 0.2862318754196167 0.026086926460266113 0.030434787273406982
0 0.8913043439388275 0.3231883943080902 0.023913085460662842 0.02608698606491089
1 0.814130425453186 0.43550723791122437 0.03478264808654785 0.0362318754196167
1 0.8978261053562164 0.5804347991943359 0.030434787273406982 0.03333330154418945
0 0.21032607555389404 0.6311594247817993 0.03369569778442383 0.04202902317047119
