0 0.606521725654602 0.4492753744125366 0.060869574546813965 0.10144925117492676
0 0.3489130139350891 0.38695651292800903 0.039130449295043945 0.06666666269302368
0 0.18913042545318604 0.436956524848938 0.04999995231628418 0.07681161165237427
0 0.12173914909362793 0.43913042545318604 0.03478264808654785 0.060869574546813965
0 0.4619565010070801 0.613043487071991 0.06304347515106201 0.07536232471466064
0 0.3076087236404419 0.6057971119880676 0.039130449295043945 0.060869574546813965
0 0.28423911333084106 0.44565218687057495 0.042391300201416016 0.07101452350616455
0 0.28423911333084106 0.5152173638343811 0.04456520080566406 0.053623199462890625
0 0.14945650100708008 0.49202896654605865 0.04673910140991211 0.06811591982841492
1 0.5755434930324554 0.6246376633644104 0.05760866403579712 0.07536232471466064
