0 0.39347827434539795 0.4492753744125366 0.060869574546813965 0.10144925117492676
0 0.6510869860649109 0.38695651292800903 0.039130449295043945 0.06666666269302368
0 0.810869574546814 0.436956524848938 0.04999995231628418 0.07681161165237427
0 0.8782608509063721 0.43913042545318604 0.03478264808654785 0.060869574546813965
0 0.5380434989929199 0.613043487071991 0.06304347515106201 0.07536232471466064
0 0.6923912763595581 0.6057971119880676 0.039130449295043945 0.060869574546813965
0 0.7157608866691589 0.44565218687057495 0.042391300201416016 0.07101452350616455
0 0.7157608866691589 0.5152173638343811 0.04456520080566406 0.053623199462890625
0 0.8505434989929199 0.49202896654605865 0.04673910140991211 0.06811591982841492
1 0.42445650696754456 0.6246376633644104 0.05760866403579712 0.07536232471466064
