1 0.594565212726593 0.30942028760910034 0.023913025856018066 0.03333336114883423
2 0.46576085686683655 0.39927536249160767 0.027173936367034912 0.039130449295043945
2 0.727717399597168 0.40869563817977905 0.029347777366638184 0.03768116235733032
2 0.44456520676612854 0.3485507369041443 0.02608698606491089 0.0362318754196167
1 0.417934775352478 0.354347825050354 0.022826075553894043 0.039130449295043945
0 0.7054347991943359 0.8304347991943359 0.030434727668762207 0.04057967662811279
2 0.5065217614173889 0.3340579569339752 0.026086926460266113 0.0362318754196167
0 0.98097825050354 0.573913037776947 0.02499997615814209 0.04057967662811279
1 0.04728261008858681 0.2231884002685547 0.02717391401529312 0.02898550033569336
0 0.44021740555763245 0.530434787273407 0.02608698606491089 0.026086926460266113
0 0.602173924446106 0.27318841218948364 0.019565224647521973 0.039130449295043945
2 0.9847826361656189 0.2188405841588974 0.030434727668762207 0.04347825050354004
1 0.38749998807907104 0.3942028880119324 0.01847827434539795 0.02898550033569336
