1 0.405434787273407 0.30942028760910034 0.023913025856018066 0.03333336114883423
2 0.5342391431331635 0.39927536249160767 0.027173936367034912 0.039130449295043945
2 0.27228260040283203 0.40869563817977905 0.029347777366638184 0.03768116235733032
2 0.5554347932338715 0.3485507369041443 0.02608698606491089 0.0362318754196167
1 0.582065224647522 0.354347825050354 0.022826075553894043 0.039130449295043945
0 0.29456520080566406 0.8304347991943359 0.030434727668762207 0.04057967662811279
2 0.4934782385826111 0.3340579569339752 0.026086926460266113 0.0362318754196167
0 0.01902174949645996 0.573913037776947 0.02499997615814209 0.04057967662811279
1 0.9527173936367035 0.2231884002685547 0.027173936367034912 0.02898550033569336
0 0.5597825944423676 0.530434787273407 0.02608698606491089 0.026086926460266113
0 0.39782607555389404 0.27318841218948364 0.019565224647521973 0.039130449295043945
2 0.015217363834381104 0.2188405841588974 0.030434727668762207 0.04347825050354004
1 0.612500011920929 0.3942028880119324 0.01847827434539795 0.02898550033569336
