0 0.14184784889221191 0.25362318754196167 0.03369569778442383 0.04347825050354004
2 0.46630436182022095 0.14927536249160767 0.03478264808654785 0.034782618284225464
1 0.563586950302124 0.2876811623573303 0.02499997615814209 0.0362318754196167
0 0.8043478429317474 0.4985506981611252 0.030434787273406982 0.04057970643043518
0 0.2663043737411499 0.46594202518463135 0.023913025856018066 0.039130449295043945
0 0.04836958646774292 0.24057970941066742 0.03369569778442383 0.034782618284225464
2 0.34184783697128296 0.19347825646400452 0.04021739959716797 0.04782608151435852
1 0.592391312122345 0.47173914313316345 0.023913025856018066 0.039130449295043945
0 0.21195650100708008 0.43913042545318604 0.026086926460266113 0.046376824378967285
0 0.3076087236404419 0.18043477833271027 0.02826082706451416 0.0362318754196167
