1 0.4521738886833191 0.44492751359939575 0.045652151107788086 0.05797100067138672
0 0.3586956262588501 0.6376811563968658 0.04999995231628418 0.09275364875793457
2 0.29891306161880493 0.6181159317493439 0.0717390775680542 0.09130436182022095
2 0.6701087057590485 0.867391299456358 0.04021739959716797 0.05362319201231003
0 0.9451086986809969 0.8731884099543095 0.053260866552591324 0.050724633038043976
2 0.7336956635117531 0.5398550629615784 0.04565216600894928 0.042028963565826416
2 0.540217399597168 0.9260869547724724 0.03260868787765503 0.052173912525177
0 0.35163044929504395 0.43623191118240356 0.04673910140991211 0.046376824378967285
0 0.24891304969787598 0.6376811563968658 0.05652177333831787 0.09565216302871704
2 0.5684782564640045 0.8920289874076843 0.030434787273406982 0.04492753744125366
0 0.5777173936367035 0.40362316370010376 0.03369563817977905 0.04492747783660889
2 0.104347825050354 0.8224637657403946 0.03478264808654785 0.03333333134651184
1 0.15815216302871704 0.9014492779970169 0.022826075553894043 0.03768116235733032
