1 0.4521738886833191 0.5550724864006042 0.045652151107788086 0.05797100067138672
0 0.3586956262588501 0.36231884360313416 0.04999995231628418 0.09275364875793457
2 0.29891306161880493 0.38188406825065613 0.0717390775680542 0.09130436182022095
2 0.6701086759567261 0.13260870054364204 0.04021739959716797 0.05362319201231003
0 0.9451086819171906 0.12681159004569054 0.053260862827301025 0.050724633038043976
2 0.7336956560611725 0.46014493703842163 0.04565221071243286 0.042028963565826416
2 0.540217399597168 0.07391304522752762 0.032608747482299805 0.052173912525177
0 0.35163044929504395 0.5637680888175964 0.04673910140991211 0.046376824378967285
0 0.24891304969787598 0.36231884360313416 0.05652177333831787 0.09565216302871704
2 0.5684782564640045 0.10797101259231567 0.030434787273406982 0.04492753744125366
0 0.5777173936367035 0.5963768362998962 0.03369563817977905 0.04492747783660889
2 0.104347825050354 0.1775362342596054 0.03478264808654785 0.03333333134651184
1 0.15815216302871704 0.0985507220029831 0.022826075553894043 0.03768116235733032
