2 0.7152174115180969 0.28260868787765503 0.023913025856018066 0.034782588481903076
2 0.970108687877655 0.14710144698619843 0.029347777366638184 0.030434787273406982
1 0.633695662021637 0.5528985261917114 0.026086926460266113 0.039130449295043945
2 0.6288043260574341 0.3478260934352875 0.020652174949645996 0.02898550033569336
1 0.6521739363670349 0.5637680888175964 0.02173912525177002 0.031884074211120605
1 0.72826087474823 0.5137681216001511 0.023913025856018066 0.03333333134651184
0 0.7782608866691589 0.30507245659828186 0.02173912525177002 0.030434787273406982
2 0.955978274345398 0.22536231577396393 0.02499997615814209 0.030434787273406982
1 0.856521725654602 0.16449275612831116 0.026086926460266113 0.030434787273406982
1 0.605434775352478 0.2956521809101105 0.017391324043273926 0.034782588481903076
