2 0.2847825884819031 0.28260868787765503 0.023913025856018066 0.034782588481903076
2 0.02989131212234497 0.14710144698619843 0.029347777366638184 0.030434787273406982
1 0.36630433797836304 0.5528985261917114 0.026086926460266113 0.039130449295043945
2 0.3711956739425659 0.3478260934352875 0.020652174949645996 0.02898550033569336
1 0.3478260636329651 0.5637680888175964 0.02173912525177002 0.031884074211120605
1 0.27173912525177 0.5137681216001511 0.023913025856018066 0.03333333134651184
0 0.22173911333084106 0.30507245659828186 0.02173912525177002 0.030434787273406982
2 0.04402172565460205 0.22536231577396393 0.02499997615814209 0.030434787273406982
1 0.14347827434539795 0.16449275612831116 0.026086926460266113 0.030434787273406982
1 0.394565224647522 0.2956521809101105 0.017391324043273926 0.034782588481903076
