1 0.7135869860649109 0.5369565188884735 0.0880434513092041 0.08550721406936646
0 0.8195652365684509 0.5768115818500519 0.09130430221557617 0.09275364875793457
0 0.3896739184856415 0.730434775352478 0.05543476343154907 0.05797100067138672
0 0.426086962223053 0.6876811683177948 0.056521713733673096 0.056521713733673096
0 0.508152186870575 0.7036231756210327 0.03804349899291992 0.053623199462890625
2 0.574999988079071 0.25869566202163696 0.04130434989929199 0.04782605171203613
1 0.533695638179779 0.27318841218948364 0.03478264808654785 0.04782605171203613
1 0.41847825050354004 0.25362318754196167 0.0369565486907959 0.05217397212982178
0 0.36684781312942505 0.6985507309436798 0.02499997615814209 0.04347825050354004
0 0.5456521511077881 0.384782612323761 0.039130449295043945 0.0362318754196167
