1 0.7135869860649109 0.4630434811115265 0.0880434513092041 0.08550721406936646
0 0.8195652365684509 0.4231884181499481 0.09130430221557617 0.09275364875793457
0 0.3896739184856415 0.269565224647522 0.05543476343154907 0.05797100067138672
0 0.426086962223053 0.3123188316822052 0.056521713733673096 0.056521713733673096
0 0.508152186870575 0.2963768243789673 0.03804349899291992 0.053623199462890625
2 0.574999988079071 0.741304337978363 0.04130434989929199 0.04782605171203613
1 0.533695638179779 0.7268115878105164 0.03478264808654785 0.04782605171203613
1 0.41847825050354004 0.7463768124580383 0.0369565486907959 0.05217397212982178
0 0.36684781312942505 0.3014492690563202 0.02499997615814209 0.04347825050354004
0 0.5456521511077881 0.615217387676239 0.039130449295043945 0.0362318754196167
