0 0.40326085686683655 0.20652173459529877 0.06304347515106201 0.09130433201789856
0 0.5255434662103653 0.40289855003356934 0.05543479323387146 0.0724637508392334
0 0.478804349899292 0.656521737575531 0.06413042545318604 0.10724639892578125
2 0.5440217405557632 0.626086950302124 0.0945652425289154 0.1507246494293213
2 0.653804361820221 0.5072463750839233 0.10760867595672607 0.1449275016784668
2 0.751086950302124 0.48115941882133484 0.11304342746734619 0.14202898740768433
0 0.7320652008056641 0.3550724685192108 0.06847822666168213 0.06666666269302368
2 0.16847826540470123 0.5710144639015198 0.08695653080940247 0.11884057521820068
0 0.09130434691905975 0.6355072259902954 0.05652174353599548 0.06231880187988281
0 0.5146738886833191 0.056521739810705185 0.06195652484893799 0.11304347962141037
0 0.291304349899292 0.8659420013427734 0.0673912763595581 0.09420287609100342
2 0.864130437374115 0.9188405871391296 0.060869574546813965 0.09565222263336182
0 0.29945650696754456 0.9528985619544983 0.06413042545318604 0.09420287609100342
