0 0.40326085686683655 0.7934782654047012 0.06304347515106201 0.09130433201789856
0 0.5255434662103653 0.5971014499664307 0.05543479323387146 0.0724637508392334
0 0.478804349899292 0.343478262424469 0.06413042545318604 0.10724639892578125
2 0.5440217405557632 0.373913049697876 0.0945652425289154 0.1507246494293213
2 0.653804361820221 0.49275362491607666 0.10760867595672607 0.1449275016784668
2 0.751086950302124 0.5188405811786652 0.11304342746734619 0.14202898740768433
0 0.7320652008056641 0.6449275314807892 0.06847822666168213 0.06666666269302368
2 0.16847826540470123 0.4289855360984802 0.08695653080940247 0.11884057521820068
0 0.09130434691905975 0.3644927740097046 0.05652174353599548 0.06231880187988281
0 0.5146738886833191 0.9434782601892948 0.06195652484893799 0.11304347962141037
0 0.291304349899292 0.13405799865722656 0.0673912763595581 0.09420287609100342
2 0.864130437374115 0.08115941286087036 0.060869574546813965 0.09565222263336182
0 0.29945650696754456 0.04710143804550171 0.06413042545318604 0.09420287609100342
