0 0.5967391133308411 0.20652173459529877 0.06304347515106201 0.09130433201789856
0 0.4744565188884735 0.40289855003356934 0.05543476343154907 0.0724637508392334
0 0.521195650100708 0.656521737575531 0.06413042545318604 0.10724639892578125
2 0.45597824454307556 0.626086950302124 0.09456521272659302 0.1507246494293213
2 0.34619563817977905 0.5072463750839233 0.10760867595672607 0.1449275016784668
2 0.24891304969787598 0.48115941882133484 0.11304342746734619 0.14202898740768433
0 0.26793479919433594 0.3550724685192108 0.06847822666168213 0.06666666269302368
2 0.83152174949646 0.5710144639015198 0.08695650100708008 0.11884057521820068
0 0.908695638179779 0.6355072259902954 0.05652177333831787 0.06231880187988281
0 0.4853261113166809 0.056521739810705185 0.06195652484893799 0.11304347962141037
0 0.708695650100708 0.8659420013427734 0.0673912763595581 0.09420287609100342
2 0.135869562625885 0.9188405871391296 0.060869574546813965 0.09565222263336182
0 0.7005434632301331 0.9528985619544983 0.06413042545318604 0.09420287609100342
