1 0.501086950302124 0.6992753744125366 0.060869574546813965 0.07391303777694702
2 0.4652174264192581 0.4855072498321533 0.07173910737037659 0.07536232471466064
2 0.6288043558597565 0.469565212726593 0.06195652484893799 0.08695650100708008
0 0.3690217137336731 0.40362316370010376 0.057608723640441895 0.05942034721374512
2 0.43913042545318604 0.39927536249160767 0.06304347515106201 0.0681159496307373
0 0.46086955070495605 0.3528985381126404 0.060869574546813965 0.053623199462890625
1 0.7880434840917587 0.45942026376724243 0.04347825050354004 0.046376824378967285
2 0.2342391014099121 0.5681159496307373 0.06195652484893799 0.06666666269302368
0 0.47173911333084106 0.39275360107421875 0.05869567394256592 0.05217385292053223
2 0.35108697414398193 0.3485507369041443 0.05652177333831787 0.053623199462890625
