1 0.498913049697876 0.6992753744125366 0.060869574546813965 0.07391303777694702
2 0.5347825735807419 0.4855072498321533 0.07173910737037659 0.07536232471466064
2 0.37119564414024353 0.469565212726593 0.06195652484893799 0.08695650100708008
0 0.6309782862663269 0.40362316370010376 0.057608723640441895 0.05942034721374512
2 0.560869574546814 0.39927536249160767 0.06304347515106201 0.0681159496307373
0 0.539130449295044 0.3528985381126404 0.060869574546813965 0.053623199462890625
1 0.21195651590824127 0.45942026376724243 0.04347825050354004 0.046376824378967285
2 0.7657608985900879 0.5681159496307373 0.06195652484893799 0.06666666269302368
0 0.5282608866691589 0.39275360107421875 0.05869567394256592 0.05217385292053223
2 0.6489130258560181 0.3485507369041443 0.05652177333831787 0.053623199462890625
