1 0.501086950302124 0.3007246255874634 0.060869574546813965 0.07391303777694702
2 0.4652174115180969 0.5144927501678467 0.0717390775680542 0.07536232471466064
2 0.6288043856620789 0.530434787273407 0.06195652484893799 0.08695650100708008
0 0.3690217137336731 0.5963768362998962 0.057608723640441895 0.05942034721374512
2 0.43913042545318604 0.6007246375083923 0.06304347515106201 0.0681159496307373
0 0.46086955070495605 0.6471014618873596 0.060869574546813965 0.053623199462890625
1 0.7880434989929199 0.5405797362327576 0.04347825050354004 0.046376824378967285
2 0.2342391014099121 0.4318840503692627 0.06195652484893799 0.06666666269302368
0 0.47173911333084106 0.6072463989257812 0.05869567394256592 0.05217385292053223
2 0.35108697414398193 0.6514492630958557 0.05652177333831787 0.053623199462890625
