0 0.6557970941066742 0.05923913046717644 0.08260869979858398 0.09456522017717361
2 0.5702898502349854 0.0782608687877655 0.11739128828048706 0.08043478429317474
2 0.38768118619918823 0.23532608896493912 0.16376817226409912 0.09021739661693573
0 0.6666666567325592 0.3701086938381195 0.08405798673629761 0.05760866403579712
0 0.5427536368370056 0.468478262424469 0.11449277400970459 0.0673912763595581
0 0.5652174055576324 0.698369562625885 0.08695650100708008 0.048913002014160156
0 0.08985507488250732 0.38913044333457947 0.13333332538604736 0.06956523656845093
2 0.13695651292800903 0.15000000596046448 0.16956520080566406 0.11086955666542053
0 0.5217391103506088 0.7434782385826111 0.06666669249534607 0.04347825050354004
0 0.038405776023864746 0.27989131212234497 0.07681155204772949 0.08586955070495605
0 0.6086956560611725 0.41847825050354004 0.052173912525177 0.0369565486907959
0 0.7391304448246956 0.76902174949646 0.04927535355091095 0.03369569778442383
0 0.41884058713912964 0.9114130139350891 0.07826089859008789 0.06195652484893799
