0 0.9407608807086945 0.3442029058933258 0.09456521272659302 0.08260869979858398
2 0.9217391312122345 0.42971014976501465 0.08043473958969116 0.11739128828048706
2 0.7646739184856415 0.6123188138008118 0.09021741151809692 0.16376817226409912
0 0.6298913061618805 0.3333333432674408 0.05760866403579712 0.08405798673629761
0 0.531521737575531 0.4572463631629944 0.0673912763595581 0.11449277400970459
0 0.301630437374115 0.43478259444236755 0.048913002014160156 0.08695650100708008
0 0.6108695566654205 0.9101449251174927 0.06956523656845093 0.13333332538604736
2 0.8499999940395355 0.863043487071991 0.11086958646774292 0.16956520080566406
0 0.2565217614173889 0.4782608896493912 0.04347825050354004 0.06666669249534607
0 0.720108687877655 0.9615942239761353 0.08586955070495605 0.07681155204772949
0 0.58152174949646 0.3913043439388275 0.0369565486907959 0.052173912525177
0 0.23097825050354004 0.2608695551753044 0.03369569778442383 0.04927535355091095
0 0.08858698606491089 0.5811594128608704 0.06195652484893799 0.07826089859008789
