1 0.41358697414398193 0.6608695387840271 0.03804349899291992 0.04927539825439453
2 0.354891300201416 0.8036231994628906 0.0510869026184082 0.07101452350616455
0 0.3086956739425659 0.834782600402832 0.04130434989929199 0.05797100067138672
0 0.563586950302124 0.9347826242446899 0.048913002014160156 0.08695650100708008
2 0.4956521689891815 0.3123188316822052 0.05434781312942505 0.06231886148452759
0 0.13695651292800903 0.4420289993286133 0.04999995231628418 0.046376824378967285
1 0.09673911333084106 0.30942028760910034 0.05217397212982178 0.06521737575531006
0 0.5027173757553101 0.3637681305408478 0.042391300201416016 0.05507248640060425
1 0.384239137172699 0.8159420490264893 0.03369569778442383 0.06666672229766846
1 0.373913049697876 0.17318840324878693 0.039130449295043945 0.03913041949272156
0 0.1201087236404419 0.3963768184185028 0.03804349899291992 0.04492753744125366
0 0.10597825050354004 0.46739131212234497 0.04456520080566406 0.042028963565826416
2 0.0266304612159729 0.03478260710835457 0.035869598388671875 0.052173912525177
