1 0.5864130258560181 0.3391304612159729 0.03804349899291992 0.04927539825439453
2 0.645108699798584 0.19637680053710938 0.0510869026184082 0.07101452350616455
0 0.6913043260574341 0.16521739959716797 0.04130434989929199 0.05797100067138672
0 0.436413049697876 0.06521737575531006 0.048913002014160156 0.08695650100708008
2 0.5043478310108185 0.6876811683177948 0.05434781312942505 0.06231886148452759
0 0.863043487071991 0.5579710006713867 0.04999995231628418 0.046376824378967285
1 0.9032608866691589 0.6905797123908997 0.05217397212982178 0.06521737575531006
0 0.49728262424468994 0.6362318694591522 0.042391300201416016 0.05507248640060425
1 0.615760862827301 0.18405795097351074 0.03369569778442383 0.06666672229766846
1 0.626086950302124 0.8268115967512131 0.039130449295043945 0.03913041949272156
0 0.8798912763595581 0.6036231815814972 0.03804349899291992 0.04492753744125366
0 0.89402174949646 0.532608687877655 0.04456520080566406 0.042028963565826416
2 0.9733695387840271 0.9652173928916454 0.035869598388671875 0.052173912525177
