2 0.8971014469861984 0.259239137172699 0.08985507488250732 0.10326087474822998
0 0.9536231867969036 0.31086957454681396 0.08695652335882187 0.05869567394256592
0 0.8355072438716888 0.2244565114378929 0.06521737575531006 0.06630434095859528
2 0.7072463631629944 0.10652174055576324 0.05797100067138672 0.04782608151435852
2 0.5782608687877655 0.2130434811115265 0.10144925117492676 0.10652172565460205
1 0.4949275255203247 0.27391305565834045 0.1086956262588501 0.11304348707199097
1 0.4420289993286133 0.40869563817977905 0.11884057521820068 0.09130436182022095
2 0.26811593770980835 0.5342391133308411 0.13333332538604736 0.08369565010070801
2 0.24275362491607666 0.4831521660089493 0.15217387676239014 0.07934781908988953
2 0.29927533864974976 0.416847825050354 0.08260869979858398 0.07934784889221191
1 0.615217387676239 0.9407608509063721 0.042028963565826416 0.042391300201416016
