2 0.36739131808280945 0.32463768124580383 0.11521738767623901 0.09565216302871704
2 0.3804347813129425 0.15362319350242615 0.0891304612159729 0.08985507488250732
1 0.5353260785341263 0.24637681245803833 0.11847826838493347 0.1246376633644104
2 0.842934787273407 0.5579710006713867 0.13152170181274414 0.11594200134277344
2 0.72826087474823 0.678260862827301 0.10217392444610596 0.1449275016784668
2 0.5625 0.7079710364341736 0.10108697414398193 0.13768112659454346
0 0.7673913240432739 0.18840580061078072 0.11086952686309814 0.13913043588399887
0 0.43913042545318604 0.09420290030539036 0.04782611131668091 0.09275363013148308
0 0.333695650100708 0.21231883764266968 0.060869574546813965 0.0623188316822052
2 0.8820652365684509 0.32463768124580383 0.15326082706451416 0.1362318992614746
2 0.13641303777694702 0.4202898442745209 0.05108696222305298 0.06376808881759644
2 0.027173912152647972 0.26884058117866516 0.054347824305295944 0.06521737575531006
