2 0.6326086819171906 0.32463768124580383 0.11521738767623901 0.09565216302871704
2 0.6195652186870575 0.15362319350242615 0.0891304612159729 0.08985507488250732
1 0.4646739065647125 0.24637681245803833 0.11847823858261108 0.1246376633644104
2 0.15706521272659302 0.5579710006713867 0.13152170181274414 0.11594200134277344
2 0.27173912525177 0.678260862827301 0.10217392444610596 0.1449275016784668
2 0.4375 0.7079710364341736 0.10108697414398193 0.13768112659454346
0 0.23260867595672607 0.18840580061078072 0.11086952686309814 0.13913043588399887
0 0.560869574546814 0.09420290030539036 0.04782605171203613 0.09275363013148308
0 0.666304349899292 0.21231883764266968 0.060869574546813965 0.0623188316822052
2 0.11793476343154907 0.32463768124580383 0.15326082706451416 0.1362318992614746
2 0.863586962223053 0.4202898442745209 0.051087021827697754 0.06376808881759644
2 0.9728260934352875 0.26884058117866516 0.05434781312942505 0.06521737575531006
