2 0.6326086819171906 0.6753623187541962 0.11521738767623901 0.09565216302871704
2 0.6195652186870575 0.8463768064975739 0.0891304612159729 0.08985507488250732
1 0.4646739214658737 0.7536231875419617 0.11847826838493347 0.1246376633644104
2 0.15706521272659302 0.4420289993286133 0.13152170181274414 0.11594200134277344
2 0.27173912525177 0.321739137172699 0.10217392444610596 0.1449275016784668
2 0.4375 0.2920289635658264 0.10108697414398193 0.13768112659454346
0 0.23260867595672607 0.8115941993892193 0.11086952686309814 0.13913043588399887
0 0.560869574546814 0.9057970996946096 0.04782611131668091 0.09275363013148308
0 0.666304349899292 0.7876811623573303 0.060869574546813965 0.0623188316822052
2 0.11793476343154907 0.6753623187541962 0.15326082706451416 0.1362318992614746
2 0.863586962223053 0.5797101557254791 0.05108696222305298 0.06376808881759644
2 0.972826087847352 0.7311594188213348 0.054347824305295944 0.06521737575531006
