2 0.06304347515106201 0.17536231875419617 0.06304347515106201 0.06666666269302368
2 0.1201086975634098 0.2188405841588974 0.07065217941999435 0.07246378064155579
2 0.20543478429317474 0.4210144877433777 0.0673913061618805 0.06521737575531006
2 0.2874999940395355 0.428260862827301 0.06413042545318604 0.07391303777694702
2 0.40434783697128296 0.37826088070869446 0.0673912763595581 0.06376808881759644
2 0.48641303181648254 0.3492753505706787 0.07065218687057495 0.06956523656845093
2 0.6494565010070801 0.35144928097724915 0.06630432605743408 0.06521737575531006
2 0.7885869741439819 0.30434781312942505 0.057608723640441895 0.0724637508392334
2 0.6597825884819031 0.46739131212234497 0.060869574546813965 0.06231886148452759
2 0.5103260725736618 0.5550724864006042 0.06847825646400452 0.06956517696380615
2 0.42010870575904846 0.4311594069004059 0.06195652484893799 0.06231886148452759
2 0.41956523060798645 0.5014492720365524 0.06304347515106201 0.06956520676612854
2 0.5152173787355423 0.426086962223053 0.05217394232749939 0.05797100067138672
2 0.925543487071991 0.8702898621559143 0.06195652484893799 0.0681159496307373
2 0.9451087117195129 0.9550724625587463 0.057608723640441895 0.06956517696380615
2 0.30489131808280945 0.5108695775270462 0.07717388868331909 0.05942031741142273
2 0.385326087474823 0.31014493107795715 0.05543476343154907 0.05797100067138672
2 0.2858695685863495 0.3173913061618805 0.052173912525177 0.060869574546813965
2 0.30923911929130554 0.3318840563297272 0.046739161014556885 0.046376824378967285
2 0.7760869860649109 0.458695650100708 0.05652177333831787 0.06521737575531006
2 0.7358695864677429 0.5181159228086472 0.054347872734069824 0.0623188316822052
1 0.3804347813129425 0.595652163028717 0.050000011920928955 0.05217397212982178
1 0.281521737575531 0.5514492988586426 0.05434781312942505 0.053623199462890625
1 0.467934787273407 0.4268116056919098 0.042391300201416016 0.053623199462890625
2 0.791304349899292 0.07173912972211838 0.045652151107788086 0.05072464048862457
2 0.794021725654602 0.021739130839705467 0.04456520080566406 0.04057971015572548
1 0.936413049697876 0.332608699798584 0.04456520080566406 0.04782611131668091
2 0.908695638179779 0.40797102451324463 0.05217397212982178 0.053623199462890625
2 0.716304361820221 0.3942028880119324 0.05217397212982178 0.060869574546813965
1 0.500543475151062 0.5065217465162277 0.042391300201416016 0.04782608151435852
1 0.2141304314136505 0.5804347991943359 0.045652180910110474 0.05652177333831787
1 0.365217387676239 0.44130435585975647 0.04782611131668091 0.05942028760910034
2 0.979891300201416 0.34565216302871704 0.04021739959716797 0.06521737575531006
