2 0.936956524848938 0.8246376812458038 0.06304347515106201 0.06666666269302368
2 0.8798913061618805 0.7811594158411026 0.07065218687057495 0.07246378064155579
2 0.7945652306079865 0.5789855122566223 0.06739133596420288 0.06521737575531006
2 0.7125000357627869 0.571739137172699 0.06413042545318604 0.07391303777694702
2 0.595652163028717 0.6217391192913055 0.0673912763595581 0.06376808881759644
2 0.5135869681835175 0.6507246494293213 0.07065218687057495 0.06956523656845093
2 0.3505434989929199 0.6485507190227509 0.06630432605743408 0.06521737575531006
2 0.21141302585601807 0.695652186870575 0.057608723640441895 0.0724637508392334
2 0.3402174115180969 0.532608687877655 0.060869574546813965 0.06231886148452759
2 0.489673912525177 0.44492751359939575 0.06847822666168213 0.06956517696380615
2 0.5798912644386292 0.5688405930995941 0.06195652484893799 0.06231886148452759
2 0.5804347395896912 0.49855072796344757 0.06304347515106201 0.06956520676612854
2 0.4847826361656189 0.573913037776947 0.05217397212982178 0.05797100067138672
2 0.07445651292800903 0.1297101378440857 0.06195652484893799 0.0681159496307373
2 0.05489128828048706 0.04492753744125366 0.057608723640441895 0.06956517696380615
2 0.6951086819171906 0.4891304224729538 0.07717388868331909 0.05942031741142273
2 0.614673912525177 0.6898550689220428 0.05543482303619385 0.05797100067138672
2 0.7141304314136505 0.6826086938381195 0.052173912525177 0.060869574546813965
2 0.6907608807086945 0.6681159436702728 0.046739161014556885 0.046376824378967285
2 0.2239130139350891 0.541304349899292 0.05652177333831787 0.06521737575531006
2 0.2641304135322571 0.48188407719135284 0.054347872734069824 0.0623188316822052
1 0.6195652186870575 0.40434783697128296 0.050000011920928955 0.05217397212982178
1 0.718478262424469 0.4485507011413574 0.054347872734069824 0.053623199462890625
1 0.532065212726593 0.5731883943080902 0.042391300201416016 0.053623199462890625
2 0.208695650100708 0.9282608702778816 0.045652151107788086 0.05072464048862457
2 0.20597827434539795 0.9782608691602945 0.04456520080566406 0.04057971015572548
1 0.06358695030212402 0.667391300201416 0.04456520080566406 0.04782611131668091
2 0.09130436182022095 0.5920289754867554 0.05217397212982178 0.053623199462890625
2 0.28369563817977905 0.6057971119880676 0.05217397212982178 0.060869574546813965
1 0.499456524848938 0.4934782534837723 0.042391300201416016 0.04782608151435852
1 0.7858695685863495 0.41956520080566406 0.04565221071243286 0.05652177333831787
1 0.634782612323761 0.5586956441402435 0.047826170921325684 0.05942028760910034
2 0.020108699798583984 0.654347836971283 0.04021739959716797 0.06521737575531006
