2 0.06304347826086955 0.17536231884057973 0.06304347826086955 0.06666666666666667
2 0.12010869565217391 0.21884057971014492 0.07065217391304347 0.07246376811594203
2 0.20543478260869566 0.4210144927536232 0.06739130434782609 0.06521739130434781
2 0.2875 0.42826086956521736 0.06413043478260867 0.07391304347826086
2 0.4043478260869566 0.3782608695652174 0.06739130434782609 0.06376811594202898
2 0.4864130434782607 0.3492753623188406 0.0706521739130434 0.06956521739130445
2 0.6494565217391305 0.35144927536231874 0.06630434782608698 0.06521739130434781
2 0.788586956521739 0.30434782608695654 0.05760869565217391 0.07246376811594203
2 0.6597826086956522 0.46739130434782616 0.06086956521739133 0.06231884057971035
2 0.5103260869565217 0.5550724637681159 0.06847826086956524 0.06956521739130438
2 0.4201086956521739 0.43115942028985493 0.061956521739130424 0.0623188405797104
2 0.41956521739130437 0.5014492753623188 0.0630434782608696 0.06956521739130443
2 0.515217391304348 0.426086956521739 0.05217391304347844 0.05797101449275359
2 0.9255434782608697 0.8702898550724637 0.061956521739130466 0.06811594202898562
2 0.9451086956521739 0.9550724637681159 0.05760869565217405 0.06956521739130438
2 0.3048913043478261 0.5108695652173914 0.07717391304347825 0.0594202898550725
2 0.3853260869565217 0.31014492753623185 0.05543478260869563 0.057971014492753596
2 0.28586956521739126 0.3173913043478261 0.05217391304347821 0.06086956521739129
2 0.3092391304347826 0.3318840579710145 0.04673913043478258 0.04637681159420289
2 0.7760869565217391 0.45869565217391306 0.05652173913043484 0.06521739130434781
2 0.7358695652173912 0.5181159420289856 0.054347826086956326 0.062318840579710086
1 0.3804347826086956 0.5956521739130435 0.05 0.05217391304347819
1 0.28152173913043477 0.5514492753623188 0.05434782608695656 0.05362318840579704
1 0.4679347826086957 0.4268115942028984 0.042391304347825925 0.053623188405796815
2 0.7913043478260867 0.07173913043478261 0.045652173913043576 0.050724637681159424
2 0.7940217391304348 0.02173913043478261 0.044565217391304375 0.04057971014492754
1 0.9364130434782609 0.33260869565217377 0.04456521739130452 0.04782608695652164
2 0.908695652173913 0.4079710144927536 0.0521739130434783 0.05362318840579698
2 0.7163043478260869 0.39420289855072466 0.05217391304347814 0.06086956521739133
1 0.5005434782608695 0.5065217391304347 0.04239130434782602 0.04782608695652178
1 0.21413043478260868 0.5804347826086957 0.04565217391304348 0.05652173913043484
1 0.3652173913043478 0.44130434782608696 0.04782608695652172 0.0594202898550725
2 0.9798913043478257 0.3456521739130436 0.04021739130434768 0.06521739130434784
