2 0.4836956560611725 0.7036231756210327 0.034782588481903076 0.04782611131668091
1 0.552717387676239 0.37173914909362793 0.029347777366638184 0.04202902317047119
0 0.573913037776947 0.33115941286087036 0.017391324043273926 0.030434727668762207
0 0.5788043737411499 0.3768116235733032 0.02499997615814209 0.03478264808654785
1 0.39239129424095154 0.1666666865348816 0.02608698606491089 0.03768110275268555
0 0.592934787273407 0.32608693838119507 0.020652174949645996 0.031884074211120605
0 0.5559782385826111 0.34057968854904175 0.020652174949645996 0.02898550033569336
0 0.08423913270235062 0.21521741151809692 0.027173906564712524 0.03333330154418945
0 0.072826087474823 0.19420289993286133 0.02826087176799774 0.03478264808654785
0 0.4625000059604645 0.6927536129951477 0.031521737575531006 0.034782588481903076
0 0.13152174651622772 0.730434775352478 0.030434787273406982 0.034782588481903076
0 0.07445652224123478 0.6746376752853394 0.02500000223517418 0.03333336114883423
0 0.09619565308094025 0.6702898442745209 0.029347822070121765 0.03333336114883423
0 0.09945651888847351 0.7079710066318512 0.025000005960464478 0.030434787273406982
