2 0.4836956560611725 0.2963768243789673 0.034782588481903076 0.04782611131668091
1 0.552717387676239 0.6282608509063721 0.029347777366638184 0.04202902317047119
0 0.573913037776947 0.6688405871391296 0.017391324043273926 0.030434727668762207
0 0.5788043737411499 0.6231883764266968 0.02499997615814209 0.03478264808654785
1 0.39239129424095154 0.8333333134651184 0.02608698606491089 0.03768110275268555
0 0.592934787273407 0.6739130616188049 0.020652174949645996 0.031884074211120605
0 0.5559782385826111 0.6594203114509583 0.020652174949645996 0.02898550033569336
0 0.08423913270235062 0.7847825884819031 0.027173906564712524 0.03333330154418945
0 0.072826087474823 0.8057971000671387 0.02826087176799774 0.03478264808654785
0 0.4625000059604645 0.3072463870048523 0.031521737575531006 0.034782588481903076
0 0.13152174651622772 0.269565224647522 0.030434787273406982 0.034782588481903076
0 0.07445652224123478 0.32536232471466064 0.02500000223517418 0.03333336114883423
0 0.09619565308094025 0.3297101557254791 0.029347822070121765 0.03333336114883423
0 0.09945651888847351 0.2920289933681488 0.025000005960464478 0.030434787273406982
