2 0.7036231756210327 0.4836956560611725 0.04782611131668091 0.034782588481903076
1 0.37173914909362793 0.552717387676239 0.04202902317047119 0.029347777366638184
0 0.33115941286087036 0.573913037776947 0.030434727668762207 0.017391324043273926
0 0.3768116235733032 0.5788043737411499 0.03478264808654785 0.02499997615814209
1 0.1666666865348816 0.39239129424095154 0.03768110275268555 0.02608698606491089
0 0.32608693838119507 0.592934787273407 0.031884074211120605 0.020652174949645996
0 0.34057968854904175 0.5559782385826111 0.02898550033569336 0.020652174949645996
0 0.21521741151809692 0.08423912525177002 0.03333330154418945 0.027173876762390137
0 0.19420289993286133 0.072826087474823 0.03478264808654785 0.02826082706451416
0 0.6927536129951477 0.4625000059604645 0.034782588481903076 0.031521737575531006
0 0.730434775352478 0.13152173161506653 0.034782588481903076 0.030434787273406982
0 0.6746376752853394 0.07445651292800903 0.03333336114883423 0.02499997615814209
0 0.6702898442745209 0.09619566798210144 0.03333336114883423 0.02934783697128296
0 0.7079710066318512 0.09945651888847351 0.030434787273406982 0.025000035762786865
