2 0.5862318873405457 0.3298913240432739 0.06521737575531006 0.042391300201416016
0 0.3905797004699707 0.09076085686683655 0.07101452350616455 0.04891306161880493
0 0.36159420013427734 0.021195650100708008 0.06521737575531006 0.042391300201416016
0 0.6014492809772491 0.29945650696754456 0.052173912525177 0.031521737575531006
1 0.36811596155166626 0.25380435585975647 0.05507242679595947 0.053260862827301025
0 0.22826087474822998 0.7342391014099121 0.0739130973815918 0.05543482303619385
0 0.34202897548675537 0.708695650100708 0.0724637508392334 0.05217385292053223
0 0.2702898383140564 0.810326099395752 0.0739130973815918 0.05978262424468994
0 0.31449276208877563 0.7635869383811951 0.06956517696380615 0.0510869026184082
2 0.5043478310108185 0.469021737575531 0.06376808881759644 0.0532609224319458
1 0.6413043439388275 0.18423914909362793 0.053623199462890625 0.03369569778442383
0 0.5797101557254791 0.38804352283477783 0.046376824378967285 0.0369565486907959
0 0.48188406229019165 0.4211956262588501 0.053623199462890625 0.042391300201416016
0 0.426086962223053 0.7744565010070801 0.046376824378967285 0.03369569778442383
0 0.5746376812458038 0.9440217614173889 0.04782611131668091 0.04021739959716797
0 0.32681161165237427 0.823369562625885 0.05652177333831787 0.04021739959716797
0 0.4688405990600586 0.09510868787765503 0.04492759704589844 0.04456520080566406
0 0.1514492630958557 0.738043487071991 0.06231880187988281 0.054347872734069824
0 0.20724636316299438 0.7010869383811951 0.060869574546813965 0.045652151107788086
1 0.4644927382469177 0.770108699798584 0.04492747783660889 0.02499997615814209
0 0.47246378660202026 0.612500011920929 0.04347825050354004 0.035869598388671875
0 0.5528985559940338 0.6625000238418579 0.039130449295043945 0.02499997615814209
0 0.6427536308765411 0.8054347634315491 0.0362318754196167 0.03478264808654785
