2 0.32989129424095154 0.41376811265945435 0.042391300201416016 0.06521737575531006
0 0.09076087176799774 0.6094202995300293 0.04891304671764374 0.07101452350616455
0 0.021195651963353157 0.6384057998657227 0.042391303926706314 0.06521737575531006
0 0.29945650696754456 0.39855071902275085 0.031521737575531006 0.052173912525177
1 0.25380435585975647 0.6318840384483337 0.053260862827301025 0.05507242679595947
0 0.7342391014099121 0.77173912525177 0.05543482303619385 0.0739130973815918
0 0.708695650100708 0.6579710245132446 0.05217385292053223 0.0724637508392334
0 0.810326099395752 0.7297101616859436 0.05978262424468994 0.0739130973815918
0 0.7635869383811951 0.6855072379112244 0.0510869026184082 0.06956517696380615
2 0.469021737575531 0.4956521689891815 0.053260862827301025 0.06376808881759644
1 0.18423913419246674 0.3586956560611725 0.03369566798210144 0.053623199462890625
0 0.38804349303245544 0.4202898442745209 0.0369565486907959 0.046376824378967285
0 0.4211956560611725 0.5181159377098083 0.042391300201416016 0.053623199462890625
0 0.7744565010070801 0.573913037776947 0.03369569778442383 0.046376824378967285
0 0.9440217614173889 0.42536231875419617 0.04021739959716797 0.04782611131668091
0 0.823369562625885 0.6731883883476257 0.04021739959716797 0.05652177333831787
0 0.09510869532823563 0.5311594009399414 0.044565215706825256 0.04492759704589844
0 0.738043487071991 0.8485507369041443 0.054347872734069824 0.06231880187988281
0 0.7010869383811951 0.7927536368370056 0.045652151107788086 0.060869574546813965
1 0.770108699798584 0.5355072617530823 0.02499997615814209 0.04492747783660889
0 0.612500011920929 0.5275362133979797 0.035869598388671875 0.04347825050354004
0 0.6625000238418579 0.4471014440059662 0.02499997615814209 0.039130449295043945
0 0.8054347634315491 0.35724636912345886 0.03478264808654785 0.0362318754196167
