2 0.6701086759567261 0.41376811265945435 0.042391300201416016 0.06521737575531006
0 0.9092391431331635 0.6094202995300293 0.04891306161880493 0.07101452350616455
0 0.978804349899292 0.6384057998657227 0.042391300201416016 0.06521737575531006
0 0.7005434930324554 0.39855071902275085 0.031521737575531006 0.052173912525177
1 0.7461956441402435 0.6318840384483337 0.053260862827301025 0.05507242679595947
0 0.2657608985900879 0.77173912525177 0.05543482303619385 0.0739130973815918
0 0.291304349899292 0.6579710245132446 0.05217385292053223 0.0724637508392334
0 0.18967390060424805 0.7297101616859436 0.05978262424468994 0.0739130973815918
0 0.23641306161880493 0.6855072379112244 0.0510869026184082 0.06956517696380615
2 0.530978262424469 0.4956521689891815 0.0532609224319458 0.06376808881759644
1 0.8157608509063721 0.3586956560611725 0.03369569778442383 0.053623199462890625
0 0.6119564771652222 0.4202898442745209 0.0369565486907959 0.046376824378967285
0 0.5788043737411499 0.5181159377098083 0.042391300201416016 0.053623199462890625
0 0.22554349899291992 0.573913037776947 0.03369569778442383 0.046376824378967285
0 0.055978238582611084 0.42536231875419617 0.04021739959716797 0.04782611131668091
0 0.176630437374115 0.6731883883476257 0.04021739959716797 0.05652177333831787
0 0.904891312122345 0.5311594009399414 0.04456520080566406 0.04492759704589844
0 0.26195651292800903 0.8485507369041443 0.054347872734069824 0.06231880187988281
0 0.29891306161880493 0.7927536368370056 0.045652151107788086 0.060869574546813965
1 0.22989130020141602 0.5355072617530823 0.02499997615814209 0.04492747783660889
0 0.38749998807907104 0.5275362133979797 0.035869598388671875 0.04347825050354004
0 0.3374999761581421 0.4471014440059662 0.02499997615814209 0.039130449295043945
0 0.19456523656845093 0.35724636912345886 0.03478264808654785 0.0362318754196167
