1 0.17065215110778809 0.5731883943080902 0.02826082706451416 0.039130449295043945
0 0.17989128828048706 0.6115942001342773 0.03369569778442383 0.04057973623275757
1 0.2239130139350891 0.6101449131965637 0.02826082706451416 0.04057973623275757
2 0.45108693838119507 0.5702898502349854 0.023913025856018066 0.027536213397979736
1 0.19130432605743408 0.7094202935695648 0.019565224647521973 0.03333336114883423
2 0.16956520080566406 0.6775362193584442 0.023913025856018066 0.02173912525177002
1 0.303260862827301 0.47101449966430664 0.023913025856018066 0.03478264808654785
2 0.4413043260574341 0.6036231815814972 0.017391324043273926 0.02173912525177002
0 0.24619567394256592 0.5731883943080902 0.02499997615814209 0.030434787273406982
0 0.17989128828048706 0.7673913091421127 0.020652174949645996 0.030434787273406982
