2 0.7101449370384216 0.8021739423274994 0.260869562625885 0.19999998807907104
2 0.5101449191570282 0.4635869860649109 0.24637681245803833 0.19891297817230225
2 0.31449276208877563 0.41358697414398193 0.21159422397613525 0.1923912763595581
1 0.32608693838119507 0.665217399597168 0.20289850234985352 0.1413043737411499
1 0.805797103792429 0.3277173638343811 0.18550724536180496 0.1510869264602661
1 0.8681159429252148 0.6108695566654205 0.1623188480734825 0.11521738767623901
2 0.8550724647939205 0.885326087474823 0.15942030400037766 0.09673917293548584
2 0.7637681216001511 0.9625000059604645 0.13913044333457947 0.07499998807907104
2 0.906521737575531 0.955978274345398 0.186956524848938 0.0880434513092041
2 0.21594202518463135 0.5690217018127441 0.15362322330474854 0.125
