2 0.19782608695652176 0.28985507246376807 0.2 0.2608695652173912
2 0.5364130434782608 0.48985507246376814 0.19891304347826094 0.246376811594203
2 0.5864130434782608 0.6855072463768122 0.19239130434782617 0.21159420289855135
1 0.3347826086956522 0.673913043478261 0.14130434782608695 0.20289855072463767
1 0.6722826086956524 0.19420289855072462 0.15108695652173884 0.18550724637681149
1 0.38913043478260867 0.1318840579710145 0.11521739130434781 0.16231884057971016
2 0.11467391304347828 0.144927536231884 0.09673913043478262 0.1594202898550724
2 0.0375 0.23623188405797102 0.075 0.1391304347826087
2 0.04402173913043478 0.09347826086956519 0.08804347826086956 0.18695652173913038
2 0.43097826086956526 0.7840579710144927 0.125 0.15362318840579717
