2 0.1978260837495327 0.28985506296157837 0.19999999552965164 0.260869562625885
2 0.5364129990339279 0.4898550808429718 0.19891300797462463 0.24637681245803833
2 0.5864130258560181 0.6855072379112244 0.1923912763595581 0.21159422397613525
1 0.33478260040283203 0.6739130616188049 0.1413043737411499 0.20289850234985352
1 0.6722826361656189 0.19420289620757103 0.1510869264602661 0.18550724536180496
1 0.38913044333457947 0.13188405707478523 0.11521738767623901 0.1623188480734825
2 0.1146739087998867 0.14492753520607948 0.09673912078142166 0.15942030400037766
2 0.03750000149011612 0.23623187839984894 0.07500000298023224 0.13913044333457947
2 0.044021740555763245 0.093478262424469 0.08804348111152649 0.186956524848938
2 0.43097826838493347 0.7840579748153687 0.125 0.15362322330474854
