2 0.876086950302124 0.6275362372398376 0.16521739959716797 0.14202892780303955
0 0.8619565069675446 0.21086956560611725 0.07826083898544312 0.0942029058933258
0 0.9619565308094025 0.20724637806415558 0.07608693838119507 0.0782608687877655
0 0.9336956441402435 0.8797101378440857 0.13260871171951294 0.10724639892578125
0 0.522282600402832 0.6963768005371094 0.08152174949645996 0.10579705238342285
0 0.4222826361656189 0.49130433797836304 0.0880434513092041 0.13043475151062012
2 0.034239113330841064 0.04420289769768715 0.06847822666168213 0.0884057953953743
1 0.5 0.5623188614845276 0.08913040161132812 0.11594200134277344
0 0.6010869443416595 0.5202898234128952 0.052173912525177 0.05507245659828186
0 0.9097825884819031 0.17463767528533936 0.08478260040283203 0.11159420013427734
1 0.05163043737411499 0.3710145056247711 0.06630432605743408 0.0724637508392334
