2 0.37246376276016235 0.876086950302124 0.14202892780303955 0.16521739959716797
0 0.7891304343938828 0.8619565069675446 0.0942029058933258 0.07826083898544312
0 0.7927536219358444 0.9619565308094025 0.0782608687877655 0.07608693838119507
0 0.1202898621559143 0.9336956441402435 0.10724639892578125 0.13260871171951294
0 0.3036231994628906 0.522282600402832 0.10579705238342285 0.08152174949645996
0 0.508695662021637 0.4222826361656189 0.13043475151062012 0.0880434513092041
2 0.9557971023023129 0.034239113330841064 0.0884057953953743 0.06847822666168213
1 0.4376811385154724 0.5 0.11594200134277344 0.08913040161132812
0 0.4797101765871048 0.6010869443416595 0.05507245659828186 0.052173912525177
0 0.8253623247146606 0.9097825884819031 0.11159420013427734 0.08478260040283203
1 0.6289854943752289 0.05163043737411499 0.0724637508392334 0.06630432605743408
