1 0.08369565010070801 0.3579710125923157 0.023913025856018066 0.034782588481903076
1 0.4021739363670349 0.5202898383140564 0.030434727668762207 0.03768110275268555
1 0.6744564771652222 0.595652163028717 0.04021739959716797 0.03768110275268555
0 0.7543478012084961 0.7724637389183044 0.04130434989929199 0.04347825050354004
0 0.8597826063632965 0.6492753624916077 0.03695648908615112 0.031884074211120605
1 0.21032607555389404 0.626086950302124 0.029347777366638184 0.03768110275268555
1 0.26793479919433594 0.573913037776947 0.03152179718017578 0.02898550033569336
0 0.696195662021637 0.6340579986572266 0.035869479179382324 0.03333330154418945
0 0.7625000178813934 0.7289854884147644 0.031521737575531006 0.031884074211120605
0 0.865217387676239 0.730434775352478 0.03478264808654785 0.03768110275268555
1 0.564130425453186 0.40942028164863586 0.019565224647521973 0.03333336114883423
0 0.8701086938381195 0.8318840861320496 0.038043439388275146 0.03768110275268555
0 0.8934782445430756 0.6775362491607666 0.03260868787765503 0.04202902317047119
0 0.7016304433345795 0.6036232113838196 0.027173936367034912 0.03333330154418945
