1 0.916304349899292 0.3579710125923157 0.023913025856018066 0.034782588481903076
1 0.5978260636329651 0.5202898383140564 0.030434727668762207 0.03768110275268555
1 0.32554349303245544 0.595652163028717 0.04021739959716797 0.03768110275268555
0 0.24565216898918152 0.7724637389183044 0.04130434989929199 0.04347825050354004
0 0.1402173936367035 0.6492753624916077 0.03695651888847351 0.031884074211120605
1 0.789673924446106 0.626086950302124 0.029347777366638184 0.03768110275268555
1 0.7320652008056641 0.573913037776947 0.03152179718017578 0.02898550033569336
0 0.30380433797836304 0.6340579986572266 0.0358695387840271 0.03333330154418945
0 0.23749998956918716 0.7289854884147644 0.03152172267436981 0.031884074211120605
0 0.13478261604905128 0.730434775352478 0.03478261083364487 0.03768110275268555
1 0.43586957454681396 0.40942028164863586 0.019565224647521973 0.03333336114883423
0 0.1298913061618805 0.8318840861320496 0.038043469190597534 0.03768110275268555
0 0.10652174055576324 0.6775362491607666 0.03260868787765503 0.04202902317047119
0 0.29836955666542053 0.6036232113838196 0.027173936367034912 0.03333330154418945
