2 0.561956524848938 0.75 0.032608747482299805 0.04492753744125366
1 0.9038043320178986 0.3166666626930237 0.03369563817977905 0.04202902317047119
1 0.977717399597168 0.26376813650131226 0.04456520080566406 0.04347825050354004
1 0.6820652186870575 0.4891304224729538 0.02934783697128296 0.027536243200302124
2 0.19402176141738892 0.3586956262588501 0.048913002014160156 0.04782605171203613
2 0.1407608985900879 0.4434782862663269 0.04021739959716797 0.04057967662811279
0 0.18913042545318604 0.4985506981611252 0.030434727668762207 0.049275368452072144
1 0.3592391014099121 0.46594202518463135 0.029347777366638184 0.03333330154418945
2 0.627173900604248 0.36739128828048706 0.030434846878051758 0.02753627300262451
1 0.8880434632301331 0.27753621339797974 0.026086926460266113 0.030434727668762207
1 0.6614130437374115 0.447826087474823 0.02934783697128296 0.03478264808654785
0 0.686413049697876 0.6615942120552063 0.02499997615814209 0.0362318754196167
