2 0.561956524848938 0.25 0.032608747482299805 0.04492753744125366
1 0.9038043320178986 0.6833333373069763 0.03369563817977905 0.04202902317047119
1 0.977717399597168 0.7362318634986877 0.04456520080566406 0.04347825050354004
1 0.6820652186870575 0.5108695775270462 0.02934783697128296 0.027536243200302124
2 0.19402176141738892 0.6413043737411499 0.048913002014160156 0.04782605171203613
2 0.1407608985900879 0.5565217137336731 0.04021739959716797 0.04057967662811279
0 0.18913042545318604 0.5014493018388748 0.030434727668762207 0.049275368452072144
1 0.3592391014099121 0.5340579748153687 0.029347777366638184 0.03333330154418945
2 0.627173900604248 0.6326087117195129 0.030434846878051758 0.02753627300262451
1 0.8880434632301331 0.7224637866020203 0.026086926460266113 0.030434727668762207
1 0.6614130437374115 0.552173912525177 0.02934783697128296 0.03478264808654785
0 0.686413049697876 0.3384057879447937 0.02499997615814209 0.0362318754196167
