2 0.438043475151062 0.25 0.032608747482299805 0.04492753744125366
1 0.09619566798210144 0.6833333373069763 0.03369563817977905 0.04202902317047119
1 0.02228260040283203 0.7362318634986877 0.04456520080566406 0.04347825050354004
1 0.3179347813129425 0.5108695775270462 0.02934783697128296 0.027536243200302124
2 0.8059782385826111 0.6413043737411499 0.048913002014160156 0.04782605171203613
2 0.8592391014099121 0.5565217137336731 0.04021739959716797 0.04057967662811279
0 0.810869574546814 0.5014493018388748 0.030434727668762207 0.049275368452072144
1 0.6407608985900879 0.5340579748153687 0.029347777366638184 0.03333330154418945
2 0.37282609939575195 0.6326087117195129 0.030434846878051758 0.02753627300262451
1 0.11195653676986694 0.7224637866020203 0.026086926460266113 0.030434727668762207
1 0.3385869562625885 0.552173912525177 0.02934783697128296 0.03478264808654785
0 0.313586950302124 0.3384057879447937 0.02499997615814209 0.0362318754196167
