2 0.5797101557254791 0.4413043260574341 0.060869574546813965 0.05869567394256592
1 0.658695638179779 0.333695650100708 0.07971012592315674 0.045652151107788086
0 0.5231884270906448 0.311956524848938 0.05507245659828186 0.04130434989929199
1 0.5086956471204758 0.4940217435359955 0.05217394232749939 0.04891306161880493
0 0.4789855033159256 0.44076085090637207 0.044927507638931274 0.0532609224319458
1 0.426086962223053 0.4940217435359955 0.046376824378967285 0.04891306161880493
1 0.5528985559940338 0.23206520080566406 0.053623199462890625 0.042391300201416016
0 0.34057968854904175 0.3608695864677429 0.05797100067138672 0.04347825050354004
1 0.2130434513092041 0.354347825050354 0.05507242679595947 0.0369565486907959
1 0.1086956262588501 0.3086956739425659 0.05217385292053223 0.03478264808654785
1 0.10724639892578125 0.386413037776947 0.05797100067138672 0.04456520080566406
1 0.7159420251846313 0.06032609939575195 0.046376824378967285 0.03152179718017578
0 0.7492753565311432 0.24293476343154907 0.052173912525177 0.03369569778442383
0 0.37101447582244873 0.4228261113166809 0.05217385292053223 0.06304347515106201
