2 0.4202898442745209 0.4413043260574341 0.060869574546813965 0.05869567394256592
1 0.34130436182022095 0.333695650100708 0.07971012592315674 0.045652151107788086
0 0.47681157290935516 0.311956524848938 0.05507245659828186 0.04130434989929199
1 0.49130435287952423 0.4940217286348343 0.05217394232749939 0.048913031816482544
0 0.5210144966840744 0.44076085090637207 0.044927507638931274 0.0532609224319458
1 0.573913037776947 0.4940217286348343 0.046376824378967285 0.048913031816482544
1 0.4471014440059662 0.23206520080566406 0.053623199462890625 0.042391300201416016
0 0.6594203114509583 0.3608695864677429 0.05797100067138672 0.04347825050354004
1 0.7869565486907959 0.354347825050354 0.05507242679595947 0.0369565486907959
1 0.8913043737411499 0.3086956739425659 0.05217385292053223 0.03478264808654785
1 0.8927536010742188 0.386413037776947 0.05797100067138672 0.04456520080566406
1 0.28405797481536865 0.06032609939575195 0.046376824378967285 0.03152179718017578
0 0.2507246434688568 0.24293476343154907 0.052173912525177 0.03369569778442383
0 0.6289855241775513 0.4228261113166809 0.05217385292053223 0.06304347515106201
