2 0.5586956739425659 0.4202898442745209 0.05869567394256592 0.060869574546813965
1 0.666304349899292 0.34130436182022095 0.045652151107788086 0.07971012592315674
0 0.688043475151062 0.47681157290935516 0.04130434989929199 0.05507245659828186
1 0.5059782713651657 0.49130435287952423 0.048913031816482544 0.05217394232749939
0 0.5592391490936279 0.5210144966840744 0.0532609224319458 0.044927507638931274
1 0.5059782713651657 0.573913037776947 0.048913031816482544 0.046376824378967285
1 0.7679347991943359 0.4471014440059662 0.042391300201416016 0.053623199462890625
0 0.6391304135322571 0.6594203114509583 0.04347825050354004 0.05797100067138672
1 0.645652174949646 0.7869565486907959 0.0369565486907959 0.05507242679595947
1 0.6913043260574341 0.8913043737411499 0.03478264808654785 0.05217385292053223
1 0.613586962223053 0.8927536010742188 0.04456520080566406 0.05797100067138672
1 0.939673900604248 0.28405797481536865 0.03152179718017578 0.046376824378967285
0 0.7570652365684509 0.2507246434688568 0.03369569778442383 0.052173912525177
0 0.5771738886833191 0.6289855241775513 0.06304347515106201 0.05217385292053223
