2 0.27173912525177 0.3123188316822052 0.030434787273406982 0.039130449295043945
2 0.395652174949646 0.365217387676239 0.030434787273406982 0.04057973623275757
2 0.528804361820221 0.21159420907497406 0.027173876762390137 0.052173912525177
2 0.49239131808280945 0.49275361001491547 0.04782611131668091 0.06956520676612854
1 0.4902174025774002 0.5557971000671387 0.03260871767997742 0.04492759704589844
0 0.5255434513092041 0.5202898383140564 0.035869598388671875 0.06376814842224121
0 0.5059782862663269 0.44492754340171814 0.04021739959716797 0.05507248640060425
1 0.83423912525177 0.39927536249160767 0.02499997615814209 0.039130449295043945
1 0.2027173936367035 0.30579710006713867 0.022826075553894043 0.04057973623275757
1 0.18478260934352875 0.321739137172699 0.028260856866836548 0.04347825050354004
0 0.771195650100708 0.30942028760910034 0.029347777366638184 0.04492753744125366
0 0.553260862827301 0.24130435287952423 0.02826082706451416 0.03913041949272156
0 0.45652174949645996 0.7601449489593506 0.026086926460266113 0.04782605171203613
0 0.31956520676612854 0.6717391014099121 0.0369565486907959 0.04492759704589844
0 0.35163044929504395 0.6753623485565186 0.0358695387840271 0.046376824378967285
