2 0.72826087474823 0.3123188316822052 0.030434846878051758 0.039130449295043945
2 0.604347825050354 0.365217387676239 0.030434846878051758 0.04057973623275757
2 0.47119563817977905 0.21159420907497406 0.027173876762390137 0.052173912525177
2 0.5076086819171906 0.49275361001491547 0.04782611131668091 0.06956520676612854
1 0.5097825825214386 0.5557971000671387 0.03260868787765503 0.04492759704589844
0 0.4744565486907959 0.5202898383140564 0.035869598388671875 0.06376814842224121
0 0.4940217137336731 0.44492754340171814 0.04021739959716797 0.05507248640060425
1 0.16576087474822998 0.39927536249160767 0.02499997615814209 0.039130449295043945
1 0.7972826361656189 0.30579710006713867 0.022826075553894043 0.04057973623275757
1 0.8152174055576324 0.321739137172699 0.028260886669158936 0.04347825050354004
0 0.228804349899292 0.30942028760910034 0.029347777366638184 0.04492753744125366
0 0.446739137172699 0.24130435287952423 0.02826082706451416 0.03913041949272156
0 0.54347825050354 0.7601449489593506 0.026086926460266113 0.04782605171203613
0 0.6804348230361938 0.6717391014099121 0.0369565486907959 0.04492759704589844
0 0.648369550704956 0.6753623485565186 0.035869598388671875 0.046376824378967285
