1 0.41847825050354004 0.2246376872062683 0.045652151107788086 0.049275368452072144
2 0.5483695864677429 0.4956521540880203 0.03804349899291992 0.09275361895561218
2 0.635869562625885 0.4956521689891815 0.054347872734069824 0.09855073690414429
1 0.5054348260164261 0.2347825989127159 0.05217394232749939 0.06376810371875763
1 0.539130449295044 0.3862318694591522 0.05869567394256592 0.06521737575531006
1 0.40489131212234497 0.19130434095859528 0.05108696222305298 0.046376824378967285
0 0.5673912763595581 0.43550723791122437 0.04130434989929199 0.042028963565826416
0 0.6929348111152649 0.3594202995300293 0.042391300201416016 0.049275338649749756
0 0.7119565010070801 0.2289855033159256 0.039130449295043945 0.06956520676612854
0 0.8288043737411499 0.26884058117866516 0.048913002014160156 0.07681161165237427
0 0.49728260934352875 0.31521740555763245 0.04456523060798645 0.04492753744125366
0 0.783695638179779 0.46739131212234497 0.04999995231628418 0.06231886148452759
