1 0.58152174949646 0.2246376872062683 0.045652151107788086 0.049275368452072144
2 0.4516304135322571 0.4956521540880203 0.03804349899291992 0.09275361895561218
2 0.364130437374115 0.4956521689891815 0.054347872734069824 0.09855073690414429
1 0.4945651888847351 0.2347825989127159 0.05217397212982178 0.06376810371875763
1 0.46086955070495605 0.3862318694591522 0.05869567394256592 0.06521737575531006
1 0.595108687877655 0.19130434095859528 0.051087021827697754 0.046376824378967285
0 0.4326087236404419 0.43550723791122437 0.04130434989929199 0.042028963565826416
0 0.3070651888847351 0.3594202995300293 0.042391300201416016 0.049275338649749756
0 0.2880434989929199 0.2289855033159256 0.039130449295043945 0.06956520676612854
0 0.1711956262588501 0.26884058117866516 0.048913002014160156 0.07681161165237427
0 0.5027173757553101 0.31521740555763245 0.04456520080566406 0.04492753744125366
0 0.21630436182022095 0.46739131212234497 0.04999995231628418 0.06231886148452759
