2 0.4940217435359955 0.9268115758895874 0.08804351091384888 0.1463768482208252
0 0.31032609939575195 0.9623188376426697 0.05978262424468994 0.07536232471466064
1 0.41304346919059753 0.6297101378440857 0.08695650100708008 0.1463768482208252
1 0.5581521987915039 0.5615941882133484 0.10543477535247803 0.13768112659454346
2 0.677717387676239 0.1724637746810913 0.03804349899291992 0.07536232471466064
0 0.8402174115180969 0.23695652186870575 0.05217397212982178 0.06521740555763245
0 0.8793478012084961 0.021014492958784103 0.04347825050354004 0.04202898591756821
0 0.9222826361656189 0.6789855360984802 0.03152167797088623 0.0681159496307373
0 0.966304361820221 0.678260862827301 0.039130449295043945 0.05217397212982178
0 0.9657608866691589 0.7326086759567261 0.04021739959716797 0.06231880187988281
0 0.8603261113166809 0.678260862827301 0.03804349899291992 0.060869574546813965
1 0.7771739363670349 0.19927535951137543 0.045652151107788086 0.05652174353599548
