2 0.5059782564640045 0.0731884241104126 0.08804351091384888 0.1463768482208252
0 0.689673900604248 0.03768116235733032 0.05978262424468994 0.07536232471466064
1 0.5869565308094025 0.3702898621559143 0.08695650100708008 0.1463768482208252
1 0.4418478012084961 0.4384058117866516 0.10543477535247803 0.13768112659454346
2 0.322282612323761 0.8275362253189087 0.03804349899291992 0.07536232471466064
0 0.15978258848190308 0.7630434781312943 0.05217397212982178 0.06521740555763245
0 0.1206521987915039 0.9789855070412159 0.04347825050354004 0.04202898591756821
0 0.0777173638343811 0.3210144639015198 0.03152167797088623 0.0681159496307373
0 0.03369563817977905 0.321739137172699 0.039130449295043945 0.05217397212982178
0 0.034239113330841064 0.2673913240432739 0.04021739959716797 0.06231880187988281
0 0.1396738886833191 0.321739137172699 0.03804349899291992 0.060869574546813965
1 0.2228260636329651 0.8007246404886246 0.045652151107788086 0.05652174353599548
