1 0.6516304612159729 0.38333332538604736 0.08152174949645996 0.0681159496307373
2 0.43913042545318604 0.4181159436702728 0.08478260040283203 0.10579711198806763
0 0.427717387676239 0.32536232471466064 0.06630432605743408 0.08260869979858398
2 0.18097825348377228 0.21449276059865952 0.059782594442367554 0.09565217792987823
0 0.1402173973619938 0.23623188585042953 0.05000000447034836 0.052173927426338196
0 0.3277173936367035 0.11594203114509583 0.042391300201416016 0.0782608687877655
1 0.752173900604248 0.25217390805482864 0.03478264808654785 0.06376813352108002
0 0.7114130258560181 0.16739130020141602 0.03152179718017578 0.04782608151435852
0 0.6744565367698669 0.458695650100708 0.06195652484893799 0.06521737575531006
0 0.6831521987915039 0.5181159377098083 0.06847822666168213 0.053623199462890625
2 0.6326087117195129 0.591304361820221 0.08695650100708008 0.12463772296905518
2 0.270108699798584 0.6826087236404419 0.06413042545318604 0.05797100067138672
1 0.18478260934352875 0.747826099395752 0.04130434989929199 0.05507242679595947
0 0.27934783697128296 0.5485507249832153 0.056521713733673096 0.07681155204772949
1 0.30923911929130554 0.623913049697876 0.04021739959716797 0.04492759704589844
0 0.4320652186870575 0.5072463750839233 0.05760866403579712 0.07536232471466064
0 0.3896739184856415 0.458695650100708 0.05978262424468994 0.07971012592315674
2 0.6010869741439819 0.48260872066020966 0.08043479919433594 0.10144928097724915
1 0.448369562625885 0.656521737575531 0.022826075553894043 0.03478264808654785
1 0.5163043737411499 0.5427536368370056 0.0369565486907959 0.0362318754196167
