1 0.6516304612159729 0.6166666746139526 0.08152174949645996 0.0681159496307373
2 0.43913042545318604 0.5818840563297272 0.08478260040283203 0.10579711198806763
0 0.427717387676239 0.6746376752853394 0.06630432605743408 0.08260869979858398
2 0.18097825348377228 0.7855072394013405 0.059782594442367554 0.09565217792987823
0 0.1402173973619938 0.7637681141495705 0.05000000447034836 0.052173927426338196
0 0.3277173936367035 0.8840579688549042 0.042391300201416016 0.0782608687877655
1 0.752173900604248 0.7478260919451714 0.03478264808654785 0.06376813352108002
0 0.7114130258560181 0.832608699798584 0.03152179718017578 0.04782608151435852
0 0.6744565367698669 0.541304349899292 0.06195652484893799 0.06521737575531006
0 0.6831521987915039 0.48188406229019165 0.06847822666168213 0.053623199462890625
2 0.6326087117195129 0.40869563817977905 0.08695650100708008 0.12463772296905518
2 0.270108699798584 0.3173912763595581 0.06413042545318604 0.05797100067138672
1 0.18478260934352875 0.25217390060424805 0.04130434989929199 0.05507242679595947
0 0.27934783697128296 0.45144927501678467 0.056521713733673096 0.07681155204772949
1 0.30923911929130554 0.376086950302124 0.04021739959716797 0.04492759704589844
0 0.4320652186870575 0.49275362491607666 0.05760866403579712 0.07536232471466064
0 0.3896739184856415 0.541304349899292 0.05978262424468994 0.07971012592315674
2 0.6010869741439819 0.5173912793397903 0.08043479919433594 0.10144928097724915
1 0.448369562625885 0.343478262424469 0.022826075553894043 0.03478264808654785
1 0.5163043737411499 0.4572463631629944 0.0369565486907959 0.0362318754196167
