2 0.33043479919433594 0.7144927680492401 0.02173912525177002 0.02898550033569336
1 0.020652174949645996 0.5579710006713867 0.030434727668762207 0.03768116235733032
0 0.585869550704956 0.37898552417755127 0.02173912525177002 0.039130449295043945
0 0.563043475151062 0.37753623723983765 0.019565224647521973 0.030434727668762207
0 0.8081521689891815 0.42463767528533936 0.025000035762786865 0.03478264808654785
0 0.36630433797836304 0.6507246494293213 0.02173912525177002 0.031884074211120605
0 0.14293479919433594 0.33478260040283203 0.029347777366638184 0.04057967662811279
0 0.5902174115180969 0.40289855003356934 0.023913025856018066 0.04057967662811279
2 0.7847826182842255 0.44057971239089966 0.03260868787765503 0.031884074211120605
0 0.637499988079071 0.18333333730697632 0.02499997615814209 0.030434727668762207
0 0.6614130139350891 0.1717391014099121 0.020652174949645996 0.024637699127197266
1 0.2771739363670349 0.7043478190898895 0.026086926460266113 0.02898550033569336
1 0.02934783697128296 0.595652163028717 0.026086926460266113 0.026086926460266113
