2 0.6695652008056641 0.2855072319507599 0.02173912525177002 0.02898550033569336
1 0.979347825050354 0.4420289993286133 0.030434727668762207 0.03768116235733032
0 0.41413044929504395 0.6210144758224487 0.02173912525177002 0.039130449295043945
0 0.436956524848938 0.6224637627601624 0.019565224647521973 0.030434727668762207
0 0.19184783101081848 0.5753623247146606 0.025000005960464478 0.03478264808654785
0 0.633695662021637 0.3492753505706787 0.02173912525177002 0.031884074211120605
0 0.8570652008056641 0.665217399597168 0.029347777366638184 0.04057967662811279
0 0.40978261828422546 0.5971014499664307 0.023913025856018066 0.04057967662811279
2 0.21521739661693573 0.5594202876091003 0.03260868787765503 0.031884074211120605
0 0.36250001192092896 0.8166666626930237 0.02499997615814209 0.030434727668762207
0 0.3385869562625885 0.8282608985900879 0.020652174949645996 0.024637699127197266
1 0.7228260636329651 0.2956521809101105 0.026086926460266113 0.02898550033569336
1 0.970652163028717 0.40434783697128296 0.026086926460266113 0.026086926460266113
