2 0.251086950302124 0.5942029058933258 0.08478260040283203 0.1884058117866516
2 0.5456521809101105 0.6304347813129425 0.093478262424469 0.0724637508392334
0 0.8592391312122345 0.4413043260574341 0.038043469190597534 0.07681155204772949
0 0.9249999970197678 0.40289855003356934 0.05652174353599548 0.08115947246551514
0 0.9793478269129992 0.43623191118240356 0.041304346174001694 0.07536232471466064
0 0.9619565242901444 0.33623188734054565 0.04999999888241291 0.060869574546813965
0 0.8521739095449448 0.3811594247817993 0.04347825050354004 0.08115947246551514
0 0.9836956523358822 0.3181159496307373 0.032608695328235626 0.07101452350616455
2 0.531521737575531 0.6847825944423676 0.08043479919433594 0.07101446390151978
0 0.813586950302124 0.17028987407684326 0.038043469190597534 0.053623199462890625
