2 0.251086950302124 0.4057970941066742 0.08478260040283203 0.1884058117866516
2 0.5456521809101105 0.3695652186870575 0.093478262424469 0.0724637508392334
0 0.8592391312122345 0.5586956739425659 0.038043469190597534 0.07681155204772949
0 0.9249999970197678 0.5971014499664307 0.05652174353599548 0.08115947246551514
0 0.9793478269129992 0.5637680888175964 0.041304346174001694 0.07536232471466064
0 0.9619565242901444 0.6637681126594543 0.04999999888241291 0.060869574546813965
0 0.8521739095449448 0.6188405752182007 0.04347825050354004 0.08115947246551514
0 0.9836956523358822 0.6818840503692627 0.032608695328235626 0.07101452350616455
2 0.531521737575531 0.31521740555763245 0.08043479919433594 0.07101446390151978
0 0.813586950302124 0.8297101259231567 0.038043469190597534 0.053623199462890625
