2 0.5173913240432739 0.22028982639312744 0.05869567394256592 0.104347825050354
1 0.48641303181648254 0.42391306161880493 0.05543476343154907 0.08550727367401123
1 0.5684782862663269 0.46231885254383087 0.0739130973815918 0.08405795693397522
1 0.407065212726593 0.19202899932861328 0.04891306161880493 0.09130430221557617
0 0.844021737575531 0.33115941286087036 0.029347777366638184 0.05072462558746338
0 0.841304361820221 0.3731883764266968 0.02826082706451416 0.04492759704589844
2 0.6407608985900879 0.7528985440731049 0.03369569778442383 0.05942028760910034
1 0.7135869860649109 0.7268115878105164 0.03369569778442383 0.053623199462890625
2 0.8592391014099121 0.8876811563968658 0.04673910140991211 0.05652174353599548
0 0.7880434989929199 0.8492753654718399 0.03478264808654785 0.03768116235733032
1 0.616847813129425 0.9115942046046257 0.029347777366638184 0.04927535355091095
0 0.760326087474823 0.6920289993286133 0.03369569778442383 0.05072462558746338
0 0.768478274345398 0.36594200134277344 0.023913025856018066 0.04202902317047119
