2 0.5173913240432739 0.7797101736068726 0.05869567394256592 0.104347825050354
1 0.48641303181648254 0.5760869383811951 0.05543476343154907 0.08550727367401123
1 0.5684782862663269 0.5376811474561691 0.0739130973815918 0.08405795693397522
1 0.407065212726593 0.8079710006713867 0.04891306161880493 0.09130430221557617
0 0.844021737575531 0.6688405871391296 0.029347777366638184 0.05072462558746338
0 0.841304361820221 0.6268116235733032 0.02826082706451416 0.04492759704589844
2 0.6407608985900879 0.24710145592689514 0.03369569778442383 0.05942028760910034
1 0.7135869860649109 0.27318841218948364 0.03369569778442383 0.053623199462890625
2 0.8592391014099121 0.11231884360313416 0.04673910140991211 0.05652174353599548
0 0.7880434989929199 0.1507246345281601 0.03478264808654785 0.03768116235733032
1 0.616847813129425 0.0884057953953743 0.029347777366638184 0.04927535355091095
0 0.760326087474823 0.3079710006713867 0.03369569778442383 0.05072462558746338
0 0.768478274345398 0.6340579986572266 0.023913025856018066 0.04202902317047119
