2 0.38749998807907104 0.1413043737411499 0.12717390060424805 0.19855070114135742
2 0.2032608985900879 0.26811593770980835 0.11521744728088379 0.12753617763519287
2 0.22119563817977905 0.5181159228086472 0.10978257656097412 0.16376814246177673
2 0.37771737575531006 0.667391300201416 0.06413042545318604 0.09710144996643066
2 0.7244565188884735 0.4898550510406494 0.09456521272659302 0.1362318992614746
0 0.6951086521148682 0.38333332538604736 0.08152174949645996 0.08260869979858398
0 0.6500000059604645 0.4826086759567261 0.07173913717269897 0.07826089859008789
2 0.4516304135322571 0.7847825959324837 0.05543482303619385 0.09710146486759186
2 0.48641306161880493 0.8159420341253281 0.042391300201416016 0.07246378064155579
0 0.5249999761581421 0.8594202846288681 0.045652151107788086 0.06956520676612854
0 0.417934775352478 0.686956524848938 0.035869598388671875 0.05797100067138672
