2 0.585326075553894 0.46086955070495605 0.07934784889221191 0.11594200134277344
0 0.520652174949646 0.38333332538604736 0.06521737575531006 0.0681159496307373
2 0.3581521511077881 0.49275362491607666 0.07717394828796387 0.08695650100708008
2 0.3369565010070801 0.6463767886161804 0.0717390775680542 0.09565222263336182
2 0.5163043439388275 0.6717391014099121 0.056521713733673096 0.11159420013427734
0 0.564130425453186 0.7347826361656189 0.04130434989929199 0.07826089859008789
0 0.633695662021637 0.6949275135993958 0.05000007152557373 0.05942034721374512
0 0.6739130318164825 0.7449275255203247 0.052173912525177 0.05797100067138672
0 0.7543478310108185 0.7797101736068726 0.04782611131668091 0.05507242679595947
0 0.676086962223053 0.6289855241775513 0.045652151107788086 0.046376824378967285
0 0.9092391133308411 0.9528985619544983 0.042391300201416016 0.053623199462890625
2 0.36304348707199097 0.060869564302265644 0.0369565486907959 0.06086956523358822
0 0.47826087474823 0.654347836971283 0.04347825050354004 0.0681159496307373
0 0.802717387676239 0.9753623008728027 0.04456520080566406 0.04927539825439453
0 0.698369562625885 0.6731883883476257 0.035869479179382324 0.05072462558746338
0 0.3913043737411499 0.906521737575531 0.032608747482299805 0.039130449295043945
0 0.38749998807907104 0.7797101736068726 0.02499997615814209 0.03768110275268555
0 0.4548913240432739 0.9028985500335693 0.02499997615814209 0.04347825050354004
0 0.738586962223053 0.9123188257217407 0.029347777366638184 0.04782605171203613
0 0.8820652067661285 0.9789854884147644 0.04239135980606079 0.04202902317047119
0 0.490217387676239 0.75 0.023913025856018066 0.04202902317047119
0 0.4309782385826111 0.823913037776947 0.02499997615814209 0.039130449295043945
