2 0.585326075553894 0.539130449295044 0.07934784889221191 0.11594200134277344
0 0.520652174949646 0.6166666746139526 0.06521737575531006 0.0681159496307373
2 0.3581521511077881 0.5072463750839233 0.07717394828796387 0.08695650100708008
2 0.3369565010070801 0.3536232113838196 0.0717390775680542 0.09565222263336182
2 0.5163043439388275 0.3282608985900879 0.056521713733673096 0.11159420013427734
0 0.564130425453186 0.2652173638343811 0.04130434989929199 0.07826089859008789
0 0.633695662021637 0.30507248640060425 0.050000011920928955 0.05942034721374512
0 0.6739130318164825 0.2550724744796753 0.052173912525177 0.05797100067138672
0 0.7543478235602379 0.22028982639312744 0.047826096415519714 0.05507242679595947
0 0.676086962223053 0.37101447582244873 0.045652151107788086 0.046376824378967285
0 0.9092391282320023 0.04710143804550171 0.042391300201416016 0.053623199462890625
2 0.36304348707199097 0.9391304356977344 0.0369565486907959 0.06086956523358822
0 0.47826087474823 0.34565216302871704 0.04347825050354004 0.0681159496307373
0 0.802717387676239 0.024637699127197266 0.04456520080566406 0.04927539825439453
0 0.698369562625885 0.32681161165237427 0.0358695387840271 0.05072462558746338
0 0.3913043737411499 0.093478262424469 0.032608747482299805 0.039130449295043945
0 0.38749998807907104 0.22028982639312744 0.02499997615814209 0.03768110275268555
0 0.4548913240432739 0.09710144996643066 0.02499997615814209 0.04347825050354004
0 0.738586962223053 0.08768117427825928 0.02934783697128296 0.04782605171203613
0 0.8820652104914188 0.021014511585235596 0.04239130765199661 0.04202902317047119
0 0.490217387676239 0.25 0.023913025856018066 0.04202902317047119
0 0.4309782385826111 0.17608696222305298 0.02499997615814209 0.039130449295043945
