2 0.6315217316150665 0.19130434095859528 0.05434781312942505 0.08985507488250732
2 0.7043478190898895 0.4855072498321533 0.034782588481903076 0.04347825050354004
1 0.29891306161880493 0.4057970941066742 0.030434727668762207 0.04057973623275757
1 0.24891304969787598 0.38768115639686584 0.030434727668762207 0.039130449295043945
0 0.31413042545318604 0.21594202518463135 0.03478264808654785 0.049275368452072144
0 0.45597827434539795 0.5007246285676956 0.035869598388671875 0.042028993368148804
0 0.9103260934352875 0.5405797362327576 0.03369563817977905 0.03768110275268555
0 0.707608699798584 0.5246376991271973 0.032608747482299805 0.03768110275268555
0 0.5059782564640045 0.395652174949646 0.0358695387840271 0.046376824378967285
0 0.2766304612159729 0.2442028895020485 0.035869598388671875 0.04492752254009247
0 0.4021739363670349 0.43985506892204285 0.03478264808654785 0.042028963565826416
0 0.8913043439388275 0.5840579867362976 0.03260868787765503 0.03478264808654785
0 0.749456524848938 0.45507246255874634 0.029347896575927734 0.02898550033569336
