2 0.36847826838493347 0.19130434095859528 0.05434781312942505 0.08985507488250732
2 0.2956521809101105 0.4855072498321533 0.034782588481903076 0.04347825050354004
1 0.7010869383811951 0.4057970941066742 0.030434727668762207 0.04057973623275757
1 0.751086950302124 0.38768115639686584 0.030434727668762207 0.039130449295043945
0 0.685869574546814 0.21594202518463135 0.03478264808654785 0.049275368452072144
0 0.544021725654602 0.5007246285676956 0.035869598388671875 0.042028993368148804
0 0.08967391401529312 0.5405797362327576 0.03369565308094025 0.03768110275268555
0 0.292391300201416 0.5246376991271973 0.03260868787765503 0.03768110275268555
0 0.4940217435359955 0.395652174949646 0.0358695387840271 0.046376824378967285
0 0.7233695387840271 0.2442028895020485 0.035869598388671875 0.04492752254009247
0 0.5978260636329651 0.43985506892204285 0.03478264808654785 0.042028963565826416
0 0.10869564861059189 0.5840579867362976 0.03260870277881622 0.03478264808654785
0 0.250543475151062 0.45507246255874634 0.02934783697128296 0.02898550033569336
