2 0.60597825050354 0.2746376693248749 0.03369569778442383 0.04492753744125366
2 0.771195650100708 0.20652173459529877 0.03369569778442383 0.04492753744125366
2 0.4929347336292267 0.32101449370384216 0.03369563817977905 0.04782611131668091
0 0.4641304612159729 0.323913037776947 0.039130449295043945 0.05072462558746338
2 0.553260862827301 0.269565224647522 0.032608628273010254 0.03768116235733032
0 0.5673912763595581 0.31449276208877563 0.0369565486907959 0.03768116235733032
0 0.635326087474823 0.269565224647522 0.029347777366638184 0.046376824378967285
1 0.4652174115180969 0.36304348707199097 0.04130434989929199 0.0362318754196167
0 0.501630425453186 0.5971014499664307 0.035869598388671875 0.046376824378967285
2 0.7114130556583405 0.2652173936367035 0.02934783697128296 0.03768116235733032
2 0.2456521987915039 0.4572463631629944 0.02826082706451416 0.039130449295043945
0 0.41956520080566406 0.6514492630958557 0.02826082706451416 0.03333330154418945
0 0.47608697414398193 0.5811594128608704 0.023913025856018066 0.03478264808654785
0 0.5168477892875671 0.27826085686683655 0.02499997615814209 0.04347825050354004
