2 0.39402174949645996 0.7253623306751251 0.03369569778442383 0.04492753744125366
2 0.228804349899292 0.7934782654047012 0.03369569778442383 0.04492753744125366
2 0.5070652663707733 0.6789855062961578 0.03369563817977905 0.04782611131668091
0 0.5358695387840271 0.676086962223053 0.039130449295043945 0.05072462558746338
2 0.446739137172699 0.730434775352478 0.032608628273010254 0.03768116235733032
0 0.4326087236404419 0.6855072379112244 0.0369565486907959 0.03768116235733032
0 0.364673912525177 0.730434775352478 0.029347777366638184 0.046376824378967285
1 0.5347825884819031 0.636956512928009 0.04130434989929199 0.0362318754196167
0 0.49836957454681396 0.40289855003356934 0.035869598388671875 0.046376824378967285
2 0.28858694434165955 0.7347826063632965 0.02934783697128296 0.03768116235733032
2 0.7543478012084961 0.5427536368370056 0.02826082706451416 0.039130449295043945
0 0.5804347991943359 0.3485507369041443 0.02826082706451416 0.03333330154418945
0 0.5239130258560181 0.41884058713912964 0.023913025856018066 0.03478264808654785
0 0.48315221071243286 0.7217391431331635 0.02499997615814209 0.04347825050354004
