2 0.39402174949645996 0.2746376693248749 0.03369563817977905 0.04492753744125366
2 0.228804349899292 0.20652173459529877 0.03369563817977905 0.04492753744125366
2 0.5070652514696121 0.32101449370384216 0.03369566798210144 0.04782611131668091
0 0.5358695387840271 0.323913037776947 0.039130449295043945 0.05072462558746338
2 0.446739137172699 0.269565224647522 0.03260868787765503 0.03768116235733032
0 0.4326086938381195 0.31449276208877563 0.0369565486907959 0.03768116235733032
0 0.364673912525177 0.269565224647522 0.02934783697128296 0.046376824378967285
1 0.5347825884819031 0.36304348707199097 0.04130434989929199 0.0362318754196167
0 0.49836958944797516 0.5971014499664307 0.03586956858634949 0.046376824378967285
2 0.28858694434165955 0.2652173936367035 0.02934783697128296 0.03768116235733032
2 0.7543478012084961 0.4572463631629944 0.02826082706451416 0.039130449295043945
0 0.5804347991943359 0.6514492630958557 0.02826082706451416 0.03333330154418945
0 0.5239130258560181 0.5811594128608704 0.023913025856018066 0.03478264808654785
0 0.4831521809101105 0.27826085686683655 0.02499997615814209 0.04347825050354004
