0 0.6391304731369019 0.3275362253189087 0.08043479919433594 0.08985507488250732
2 0.5483695268630981 0.37826088070869446 0.08369565010070801 0.08695650100708008
0 0.47771739959716797 0.33115941286087036 0.0510869026184082 0.07681161165237427
2 0.9717391133308411 0.08768115937709808 0.04347825050354004 0.05362318456172943
2 0.9021739065647125 0.041304346174001694 0.03913038969039917 0.04202898591756821
1 0.09076088666915894 0.3231883943080902 0.048913002014160156 0.049275338649749756
1 0.08423912525177002 0.3905797004699707 0.057608723640441895 0.042028963565826416
1 0.5054347515106201 0.5369565486907959 0.045652151107788086 0.05652177333831787
0 0.4375 0.39927536249160767 0.04456520080566406 0.05072462558746338
0 0.5657608807086945 0.5666666626930237 0.046739161014556885 0.046376824378967285
2 0.8809782564640045 0.39275363087654114 0.02934783697128296 0.04057973623275757
2 0.8407608568668365 0.24202898144721985 0.031521737575531006 0.03768116235733032
1 0.85597825050354 0.27826085686683655 0.035869598388671875 0.031884074211120605
