1 0.6010869741439819 0.6275362372398376 0.030434727668762207 0.02898550033569336
0 0.585326075553894 0.7710145115852356 0.03152179718017578 0.03478264808654785
0 0.602173924446106 0.7927536368370056 0.03478264808654785 0.04057967662811279
2 0.6005434989929199 0.6507246494293213 0.027173876762390137 0.023188352584838867
0 0.79347825050354 0.2130434811115265 0.032608747482299805 0.06956520676612854
0 0.739130437374115 0.239130437374115 0.04130434989929199 0.05797100067138672
2 0.37880435585975647 0.41521739959716797 0.020652174949645996 0.039130449295043945
1 0.11086956411600113 0.813043475151062 0.03478260338306427 0.04057967662811279
1 0.17499999701976776 0.9724637866020203 0.03260868787765503 0.04057967662811279
1 0.15434782207012177 0.7644927501678467 0.030434787273406982 0.030434727668762207
2 0.32119566202163696 0.3702898621559143 0.02499997615814209 0.0362318754196167
1 0.30978259444236755 0.291304349899292 0.02173912525177002 0.04057973623275757
