1 0.6010869741439819 0.37246376276016235 0.030434727668762207 0.02898550033569336
0 0.585326075553894 0.2289854884147644 0.03152179718017578 0.03478264808654785
0 0.602173924446106 0.20724636316299438 0.03478264808654785 0.04057967662811279
2 0.6005434989929199 0.3492753505706787 0.027173876762390137 0.023188352584838867
0 0.79347825050354 0.7869565188884735 0.032608747482299805 0.06956520676612854
0 0.739130437374115 0.760869562625885 0.04130434989929199 0.05797100067138672
2 0.37880435585975647 0.584782600402832 0.020652174949645996 0.039130449295043945
1 0.11086956411600113 0.186956524848938 0.03478260338306427 0.04057967662811279
1 0.17499999701976776 0.027536213397979736 0.03260868787765503 0.04057967662811279
1 0.15434782207012177 0.23550724983215332 0.030434787273406982 0.030434727668762207
2 0.32119566202163696 0.6297101378440857 0.02499997615814209 0.0362318754196167
1 0.30978259444236755 0.708695650100708 0.02173912525177002 0.04057973623275757
