2 0.2451086938381195 0.6268115937709808 0.031521737575531006 0.039130449295043945
2 0.313043475151062 0.5797101557254791 0.028260886669158936 0.046376824378967285
1 0.5375000238418579 0.3072463870048523 0.042391300201416016 0.03768110275268555
0 0.5146738886833191 0.13768118619918823 0.03804349899291992 0.04347825050354004
0 0.5385869741439819 0.11956518888473511 0.042391300201416016 0.04782605171203613
0 0.540217399597168 0.27971017360687256 0.03478264808654785 0.031884074211120605
0 0.198369562625885 0.5818840563297272 0.020652174949645996 0.027536213397979736
0 0.21467390656471252 0.6840579807758331 0.02934783697128296 0.034782588481903076
0 0.720652163028717 0.7362318933010101 0.04347825050354004 0.07536232471466064
0 0.655434787273407 0.7057971060276031 0.04999995231628418 0.06666666269302368
1 0.054347824305295944 0.1717391014099121 0.03695652633905411 0.039130449295043945
1 0.08749999850988388 0.16231882572174072 0.042391300201416016 0.04057967662811279
2 0.015760868787765503 0.12608695030212402 0.031521737575531006 0.04927539825439453
