2 0.7548913061618805 0.37318840622901917 0.031521737575531006 0.039130449295043945
2 0.686956524848938 0.4202898442745209 0.02826094627380371 0.046376824378967285
1 0.4624999761581421 0.6927536129951477 0.042391300201416016 0.03768110275268555
0 0.4853261113166809 0.8623188138008118 0.03804349899291992 0.04347825050354004
0 0.46141302585601807 0.8804348111152649 0.042391300201416016 0.04782605171203613
0 0.45978260040283203 0.7202898263931274 0.03478264808654785 0.031884074211120605
0 0.801630437374115 0.4181159436702728 0.020652174949645996 0.027536213397979736
0 0.7853260934352875 0.31594201922416687 0.02934783697128296 0.034782588481903076
0 0.27934783697128296 0.26376810669898987 0.04347825050354004 0.07536232471466064
0 0.344565212726593 0.29420289397239685 0.04999995231628418 0.06666666269302368
1 0.945652186870575 0.8282608985900879 0.0369565486907959 0.039130449295043945
1 0.9125000238418579 0.8376811742782593 0.042391300201416016 0.04057967662811279
2 0.9842391312122345 0.873913049697876 0.031521737575531006 0.04927539825439453
