2 0.2451086938381195 0.37318840622901917 0.031521737575531006 0.039130449295043945
2 0.313043475151062 0.4202898442745209 0.028260886669158936 0.046376824378967285
1 0.5375000238418579 0.6927536129951477 0.042391300201416016 0.03768110275268555
0 0.5146738886833191 0.8623188138008118 0.03804349899291992 0.04347825050354004
0 0.5385869741439819 0.8804348111152649 0.042391300201416016 0.04782605171203613
0 0.540217399597168 0.7202898263931274 0.03478264808654785 0.031884074211120605
0 0.198369562625885 0.4181159436702728 0.020652174949645996 0.027536213397979736
0 0.21467390656471252 0.31594201922416687 0.02934783697128296 0.034782588481903076
0 0.720652163028717 0.26376810669898987 0.04347825050354004 0.07536232471466064
0 0.655434787273407 0.29420289397239685 0.04999995231628418 0.06666666269302368
1 0.054347824305295944 0.8282608985900879 0.03695652633905411 0.039130449295043945
1 0.08749999850988388 0.8376811742782593 0.042391300201416016 0.04057967662811279
2 0.015760868787765503 0.873913049697876 0.031521737575531006 0.04927539825439453
