2 0.5418478101491928 0.856521725654602 0.13586953282356262 0.24347829818725586
1 0.6195651888847351 0.4789855182170868 0.11739134788513184 0.10579711198806763
2 0.657065212726593 0.3644927442073822 0.06195652484893799 0.07391303777694702
0 0.585326075553894 0.6231883764266968 0.07934784889221191 0.10724639892578125
0 0.615217387676239 0.7340579628944397 0.08478260040283203 0.11449277400970459
2 0.06630434840917587 0.6159420013427734 0.13260869681835175 0.18550729751586914
0 0.342934787273407 0.18623188138008118 0.05108696222305298 0.0942029058933258
2 0.7673913240432739 0.6507246494293213 0.05652177333831787 0.05217385292053223
1 0.8054347634315491 0.6492753624916077 0.04999995231628418 0.04057967662811279
1 0.7445651888847351 0.3282608687877655 0.039130449295043945 0.0681159496307373
