2 0.458152174949646 0.14347827434539795 0.13586950302124023 0.24347829818725586
1 0.3804348111152649 0.5210144817829132 0.11739134788513184 0.10579711198806763
2 0.342934787273407 0.6355072557926178 0.06195652484893799 0.07391303777694702
0 0.41467392444610596 0.3768116235733032 0.07934784889221191 0.10724639892578125
0 0.384782612323761 0.2659420371055603 0.08478260040283203 0.11449277400970459
2 0.9336956441402435 0.38405799865722656 0.13260871171951294 0.18550729751586914
0 0.657065212726593 0.8137681186199188 0.051087021827697754 0.0942029058933258
2 0.23260867595672607 0.3492753505706787 0.05652177333831787 0.05217385292053223
1 0.19456523656845093 0.35072463750839233 0.04999995231628418 0.04057967662811279
1 0.2554348111152649 0.6717391312122345 0.039130449295043945 0.0681159496307373
