2 0.405978260869565 0.8079710144927543 0.15978260869565208 0.2942028985507246
1 0.7315217391304347 0.5427536231884056 0.12826086956521732 0.2159420289855069
1 0.781521739130435 0.7891304347826089 0.13695652173913048 0.15217391304347822
1 0.5940217391304349 0.6572463768115944 0.1184782608695654 0.19565217391304357
1 0.5581521739130434 0.8673913043478261 0.09021739130434779 0.14637681159420274
1 0.31195652173913035 0.2644927536231883 0.12391304347826072 0.2072463768115941
1 0.22771739130434782 0.5528985507246377 0.11630434782608699 0.17826086956521742
1 0.5630434782608696 0.13333333333333333 0.11521739130434781 0.15652173913043477
1 0.961413043478261 0.46956521739130436 0.07717391304347827 0.14492753623188406
1 0.3418478260869564 0.656521739130435 0.10760869565217389 0.17391304347826114
