2 0.405978262424469 0.8079710006713867 0.15978258848190308 0.29420292377471924
1 0.731521725654602 0.5427536368370056 0.12826085090637207 0.21594202518463135
1 0.781521737575531 0.789130449295044 0.1369565725326538 0.15217387676239014
1 0.594021737575531 0.6572463512420654 0.11847829818725586 0.19565212726593018
1 0.5581521987915039 0.8673912882804871 0.09021735191345215 0.1463768482208252
1 0.311956524848938 0.2644927501678467 0.12391304969787598 0.20724636316299438
1 0.22771739214658737 0.5528985112905502 0.11630435287952423 0.17826083302497864
1 0.563043475151062 0.13333334028720856 0.11521744728088379 0.156521737575531
1 0.9614130258560181 0.469565212726593 0.07717394828796387 0.1449275016784668
1 0.34184783697128296 0.656521737575531 0.10760867595672607 0.17391300201416016
