2 0.29347825050354004 0.3898550868034363 0.03478264808654785 0.046376824378967285
2 0.4331521987915039 0.4014492630958557 0.029347777366638184 0.03478264808654785
2 0.529891312122345 0.6231884062290192 0.029347777366638184 0.04057973623275757
2 0.616847813129425 0.7485507130622864 0.03152167797088623 0.039130449295043945
0 0.7733695805072784 0.6195652186870575 0.027173936367034912 0.030434787273406982
0 0.758695662021637 0.6282608807086945 0.026086926460266113 0.03333336114883423
1 0.633152186870575 0.7971014529466629 0.03369557857513428 0.03768116235733032
0 0.354347825050354 0.27391302585601807 0.0369565486907959 0.03768110275268555
0 0.602173924446106 0.37246376276016235 0.02826094627380371 0.03478264808654785
2 0.708152174949646 0.8050724565982819 0.027173995971679688 0.024637669324874878
