2 0.70652174949646 0.6101449131965637 0.03478264808654785 0.046376824378967285
2 0.5668478012084961 0.5985507369041443 0.029347777366638184 0.03478264808654785
2 0.47010868787765503 0.37681159377098083 0.02934783697128296 0.04057973623275757
2 0.38315218687057495 0.2514492869377136 0.031521737575531006 0.039130449295043945
0 0.22663043439388275 0.3804347813129425 0.027173906564712524 0.030434787273406982
0 0.24130435287952423 0.37173911929130554 0.0260869562625885 0.03333336114883423
1 0.36684781312942505 0.2028985470533371 0.03369563817977905 0.03768116235733032
0 0.645652174949646 0.7260869741439819 0.0369565486907959 0.03768110275268555
0 0.39782607555389404 0.6275362372398376 0.028260886669158936 0.03478264808654785
2 0.291847825050354 0.19492754340171814 0.027173936367034912 0.024637669324874878
