0 0.5557971000671387 0.748369574546814 0.07101452350616455 0.04673910140991211
0 0.5311594307422638 0.696195662021637 0.05942028760910034 0.057608723640441895
0 0.6246376931667328 0.75 0.06666666269302368 0.05217385292053223
2 0.376086950302124 0.364130437374115 0.04782605171203613 0.04999995231628418
0 0.43985509872436523 0.38369566202163696 0.04202902317047119 0.04130434989929199
0 0.2768115997314453 0.2755434513092041 0.04347825050354004 0.03804349899291992
1 0.29855072498321533 0.18641304969787598 0.03768110275268555 0.029347777366638184
1 0.2811594009399414 0.23260867595672607 0.05797100067138672 0.039130449295043945
1 0.0891304612159729 0.5902173519134521 0.04202902317047119 0.039130449295043945
1 0.2231884002685547 0.751086950302124 0.04347825050354004 0.04999995231628418
0 0.3768116235733032 0.6826086938381195 0.05217385292053223 0.03260868787765503
0 0.11956518888473511 0.7777173817157745 0.07101452350616455 0.04891306161880493
0 0.10579711198806763 0.9625000059604645 0.10144925117492676 0.0684782862663269
0 0.1775362491607666 0.8059782385826111 0.07101452350616455 0.05543482303619385
0 0.25869566202163696 0.17065215110778809 0.04492747783660889 0.032608747482299805
1 0.016666650772094727 0.5989130735397339 0.03333330154418945 0.0369565486907959
1 0.01811593770980835 0.563586950302124 0.03333330154418945 0.027173995971679688
