0 0.25163041800260544 0.44420289993286133 0.0467391163110733 0.07101452350616455
0 0.30380433797836304 0.4688405692577362 0.057608723640441895 0.05942028760910034
0 0.25 0.3753623068332672 0.052173912525177 0.06666666269302368
2 0.635869562625885 0.623913049697876 0.04999995231628418 0.04782605171203613
0 0.616304337978363 0.5601449012756348 0.04130434989929199 0.04202902317047119
0 0.7244565486907959 0.7231884002685547 0.03804349899291992 0.04347825050354004
1 0.813586950302124 0.7014492750167847 0.029347777366638184 0.03768110275268555
1 0.7673913240432739 0.7188405990600586 0.039130449295043945 0.05797100067138672
1 0.40978261828422546 0.9108695387840271 0.039130449295043945 0.04202902317047119
1 0.24891304969787598 0.7768115997314453 0.050000011920928955 0.04347825050354004
0 0.3173913061618805 0.6231883764266968 0.03260868787765503 0.05217385292053223
0 0.22228260338306427 0.8804348111152649 0.048913031816482544 0.07101452350616455
0 0.03750000335276127 0.8942028880119324 0.06847826763987541 0.10144925117492676
0 0.19402174651622772 0.8224637508392334 0.05543479323387146 0.07101452350616455
0 0.8293478488922119 0.741304337978363 0.032608747482299805 0.04492747783660889
1 0.4010869562625885 0.9833333492279053 0.0369565486907959 0.03333330154418945
1 0.436413049697876 0.9818840622901917 0.027173936367034912 0.03333330154418945
