2 0.5385869741439819 0.22028985619544983 0.01847827434539795 0.04057970643043518
2 0.551086962223053 0.19057971239089966 0.017391324043273926 0.030434787273406982
1 0.5244565010070801 0.2289855033159256 0.020652174949645996 0.03768116235733032
1 0.669021725654602 0.2557970881462097 0.027173876762390137 0.039130449295043945
0 0.571195662021637 0.21159420907497406 0.029347777366638184 0.03188404440879822
0 0.8173912763595581 0.8297101259231567 0.02173912525177002 0.0362318754196167
0 0.8271738886833191 0.7978261113166809 0.02173912525177002 0.0362318754196167
0 0.8081521987915039 0.7862318754196167 0.01847827434539795 0.0362318754196167
0 0.7124999761581421 0.8057971000671387 0.022826075553894043 0.03768110275268555
0 0.698369562625885 0.8173912763595581 0.029347777366638184 0.02898550033569336
0 0.22499999403953552 0.3804347813129425 0.0260869562625885 0.03333336114883423
1 0.811413049697876 0.15434782207012177 0.027173876762390137 0.04492753744125366
