2 0.46141302585601807 0.22028985619544983 0.01847827434539795 0.04057970643043518
2 0.448913037776947 0.19057971239089966 0.017391324043273926 0.030434787273406982
1 0.4755434989929199 0.2289855033159256 0.020652174949645996 0.03768116235733032
1 0.33097827434539795 0.2557970881462097 0.027173876762390137 0.039130449295043945
0 0.42880433797836304 0.21159420907497406 0.029347777366638184 0.03188404440879822
0 0.1826087236404419 0.8297101259231567 0.02173912525177002 0.0362318754196167
0 0.1728261113166809 0.7978261113166809 0.02173912525177002 0.0362318754196167
0 0.1918478012084961 0.7862318754196167 0.01847827434539795 0.0362318754196167
0 0.2875000238418579 0.8057971000671387 0.022826075553894043 0.03768110275268555
0 0.301630437374115 0.8173912763595581 0.029347777366638184 0.02898550033569336
0 0.7750000059604645 0.3804347813129425 0.02608698606491089 0.03333336114883423
1 0.18858695030212402 0.15434782207012177 0.027173876762390137 0.04492753744125366
