2 0.18967393040657043 0.8101449310779572 0.031521737575531006 0.046376824378967285
2 0.10543477535247803 0.7768115997314453 0.026086926460266113 0.031884074211120605
0 0.8793478012084961 0.38333332538604736 0.0369565486907959 0.05072462558746338
0 0.9445652365684509 0.38405799865722656 0.030434727668762207 0.046376824378967285
1 0.6211956739425659 0.2130434513092041 0.03369569778442383 0.03768110275268555
0 0.7255434989929199 0.6101449131965637 0.02499997615814209 0.034782588481903076
2 0.5054348111152649 0.5702898502349854 0.023913025856018066 0.0362318754196167
0 0.20108693838119507 0.3898550868034363 0.026086926460266113 0.03478264808654785
0 0.24076086282730103 0.3898550868034363 0.022826075553894043 0.03478264808654785
1 0.303260862827301 0.6173913180828094 0.02826082706451416 0.04057973623275757
1 0.26793473958969116 0.5384058058261871 0.02499997615814209 0.03333336114883423
0 0.4217391610145569 0.38840579986572266 0.02173912525177002 0.03478264808654785
0 0.1820651888847351 0.36304348707199097 0.020652174949645996 0.02753627300262451
1 0.897826075553894 0.43405795097351074 0.032608747482299805 0.053623199462890625
