2 0.18967391550540924 0.18985506892204285 0.031521737575531006 0.046376824378967285
2 0.10543478280305862 0.2231884002685547 0.0260869562625885 0.031884074211120605
0 0.8793478012084961 0.6166666746139526 0.0369565486907959 0.05072462558746338
0 0.9445652365684509 0.6159420013427734 0.030434727668762207 0.046376824378967285
1 0.6211956739425659 0.7869565486907959 0.03369569778442383 0.03768110275268555
0 0.7255434989929199 0.3898550868034363 0.02499997615814209 0.034782588481903076
2 0.5054348111152649 0.42971014976501465 0.023913025856018066 0.0362318754196167
0 0.20108695328235626 0.6101449131965637 0.0260869562625885 0.03478264808654785
0 0.24076086282730103 0.6101449131965637 0.022826075553894043 0.03478264808654785
1 0.303260862827301 0.38260868191719055 0.028260886669158936 0.04057973623275757
1 0.26793476939201355 0.46159419417381287 0.02499997615814209 0.03333336114883423
0 0.4217391312122345 0.6115942001342773 0.02173912525177002 0.03478264808654785
0 0.1820652186870575 0.636956512928009 0.020652174949645996 0.02753627300262451
1 0.897826075553894 0.5659420490264893 0.032608747482299805 0.053623199462890625
