2 0.46195653080940247 0.24057970941066742 0.04782611131668091 0.05507245659828186
0 0.43043479323387146 0.5485507398843765 0.06521737575531006 0.11739131808280945
0 0.574456512928009 0.7594202756881714 0.09021735191345215 0.13333332538604736
0 0.72826087474823 0.8420289754867554 0.104347825050354 0.12173914909362793
0 0.5554347634315491 0.9557970762252808 0.07826089859008789 0.08840584754943848
0 0.6418478488922119 0.8862318992614746 0.07282614707946777 0.09710144996643066
0 0.25271740555763245 0.8340579867362976 0.06413042545318604 0.07681155204772949
0 0.146195650100708 0.6028985381126404 0.05108696222305298 0.04927539825439453
2 0.9858695864677429 0.3710145056247711 0.02826082706451416 0.046376824378967285
2 0.7983695864677429 0.5688405632972717 0.03369569778442383 0.05072462558746338
0 0.521195650100708 0.4985506981611252 0.03804349899291992 0.06956520676612854
0 0.551630437374115 0.5014493018388748 0.03369569778442383 0.05217394232749939
0 0.5456521511077881 0.447826087474823 0.0369565486907959 0.049275338649749756
0 0.12282608449459076 0.5586956739425659 0.045652180910110474 0.05652177333831787
