2 0.5380434691905975 0.7594202905893326 0.04782611131668091 0.05507245659828186
0 0.5695652365684509 0.4514492601156235 0.06521737575531006 0.11739131808280945
0 0.42554348707199097 0.2405797243118286 0.09021735191345215 0.13333332538604736
0 0.27173912525177 0.15797102451324463 0.104347825050354 0.12173914909362793
0 0.4445652365684509 0.04420292377471924 0.07826089859008789 0.08840584754943848
0 0.3581521511077881 0.11376810073852539 0.07282614707946777 0.09710144996643066
0 0.7472825646400452 0.1659420132637024 0.06413042545318604 0.07681155204772949
0 0.853804349899292 0.3971014618873596 0.0510869026184082 0.04927539825439453
2 0.01413041353225708 0.6289854943752289 0.02826082706451416 0.046376824378967285
2 0.20163041353225708 0.43115943670272827 0.03369569778442383 0.05072462558746338
0 0.478804349899292 0.5014493018388748 0.03804349899291992 0.06956520676612854
0 0.448369562625885 0.4985506981611252 0.03369569778442383 0.05217394232749939
0 0.4543478488922119 0.552173912525177 0.0369565486907959 0.049275338649749756
0 0.877173900604248 0.4413043260574341 0.045652151107788086 0.05652177333831787
