2 0.4826086759567261 0.2445651888847351 0.11884057521820068 0.05652177333831787
2 0.4572463780641556 0.4961956739425659 0.10579708218574524 0.07500004768371582
2 0.6246376931667328 0.33478260040283203 0.104347825050354 0.09782612323760986
1 0.9173913076519966 0.405434787273407 0.1246376782655716 0.05869567394256592
2 0.7913043424487114 0.5342391133308411 0.09275363385677338 0.06630432605743408
0 0.7449275255203247 0.3994565010070801 0.08115941286087036 0.035869598388671875
2 0.480434775352478 0.5554347932338715 0.07101452350616455 0.056521713733673096
0 0.49130433797836304 0.4440217614173889 0.10144925117492676 0.05543482303619385
2 0.2449275255203247 0.4413043260574341 0.08405792713165283 0.045652151107788086
0 0.2543478012084961 0.4956521987915039 0.0739130973815918 0.045652151107788086
