2 0.2445651888847351 0.5173913240432739 0.05652177333831787 0.11884057521820068
2 0.4961956739425659 0.5427536219358444 0.07500004768371582 0.10579708218574524
2 0.33478260040283203 0.3753623068332672 0.09782612323760986 0.104347825050354
1 0.405434787273407 0.08260869234800339 0.05869567394256592 0.1246376782655716
2 0.5342391133308411 0.2086956575512886 0.06630432605743408 0.09275363385677338
0 0.3994565010070801 0.2550724744796753 0.035869598388671875 0.08115941286087036
2 0.5554347932338715 0.519565224647522 0.056521713733673096 0.07101452350616455
0 0.4440217614173889 0.508695662021637 0.05543482303619385 0.10144925117492676
2 0.4413043260574341 0.7550724744796753 0.045652151107788086 0.08405792713165283
0 0.4956521987915039 0.7456521987915039 0.045652151107788086 0.0739130973815918
