2 0.34076088666915894 0.4420290142297745 0.1206521987915039 0.2289855182170868
2 0.591847836971283 0.47753623127937317 0.14673912525177002 0.18115943670272827
2 0.5054347813129425 0.5724637508392334 0.1304348111152649 0.23768115043640137
2 0.44402173161506653 0.6579710245132446 0.11630433797836304 0.1826087236404419
1 0.2250000238418579 0.686956524848938 0.08043479919433594 0.1101449728012085
1 0.3788043260574341 0.2702898681163788 0.10760867595672607 0.1405797004699707
1 0.384239137172699 0.7144927382469177 0.08369565010070801 0.16811597347259521
1 0.07663041353225708 0.24275363236665726 0.11195647716522217 0.17536233365535736
1 0.1505434513092041 0.218840591609478 0.125 0.17971016466617584
1 0.09728258848190308 0.395652174949646 0.09673917293548584 0.1884058117866516
