2 0.6592391133308411 0.4420290142297745 0.1206521987915039 0.2289855182170868
2 0.40815216302871704 0.47753623127937317 0.14673912525177002 0.18115943670272827
2 0.4945652186870575 0.5724637508392334 0.1304348111152649 0.23768115043640137
2 0.5559782534837723 0.6579710245132446 0.11630436778068542 0.1826087236404419
1 0.7749999761581421 0.686956524848938 0.08043479919433594 0.1101449728012085
1 0.6211956739425659 0.2702898681163788 0.10760867595672607 0.1405797004699707
1 0.615760862827301 0.7144927382469177 0.08369565010070801 0.16811597347259521
1 0.9233695864677429 0.24275363236665726 0.11195647716522217 0.17536233365535736
1 0.8494565486907959 0.218840591609478 0.125 0.17971016466617584
1 0.9027174115180969 0.395652174949646 0.09673917293548584 0.1884058117866516
