2 0.6592391304347827 0.44202898550724634 0.12065217391304353 0.22898550724637684
2 0.4081521739130434 0.4775362318840578 0.1467391304347828 0.18115942028985493
2 0.49456521739130443 0.5724637681159421 0.13043478260869573 0.2376811594202898
2 0.5559782608695653 0.6579710144927533 0.11630434782608688 0.1826086956521734
1 0.775 0.6869565217391305 0.08043478260869563 0.1101449275362318
1 0.621195652173913 0.27028985507246367 0.10760869565217374 0.1405797101449274
1 0.6157608695652174 0.7144927536231884 0.08369565217391305 0.16811594202898555
1 0.9233695652173912 0.2427536231884058 0.11195652173913033 0.17536231884057968
1 0.8494565217391304 0.21884057971014492 0.125 0.17971014492753626
1 0.9027173913043479 0.3956521739130434 0.09673913043478248 0.1884057971014493
