1 0.6619565217391303 0.45362318840579713 0.04347826086956516 0.06376811594202891
1 0.616304347826087 0.34710144927536235 0.045652173913043444 0.062318840579710086
1 0.6413043478260869 0.29347826086956524 0.036956521739130464 0.05072463768115934
2 0.5135869565217391 0.4637681159420287 0.04456521739130426 0.0637681159420291
2 0.4624999999999998 0.5079710144927536 0.04456521739130436 0.06521739130434796
2 0.5103260869565217 0.5521739130434785 0.04239130434782609 0.05797101449275333
1 0.6831521739130434 0.3369565217391305 0.04239130434782609 0.05652173913043477
2 0.44836956521739135 0.5695652173913044 0.044565217391304375 0.060869565217391355
1 0.5451086956521739 0.4072463768115942 0.03586956521739126 0.04347826086956516
1 0.6320652173913043 0.44710144927536233 0.033695652173912974 0.06521739130434788
2 0.3782608695652174 0.5811594202898551 0.04782608695652171 0.060869565217391355
1 0.47119565217391307 0.6369565217391304 0.042391304347826085 0.050724637681159514
