1 0.4536231756210327 0.3380434513092041 0.06376814842224121 0.04347825050354004
1 0.34710144996643066 0.38369566202163696 0.06231886148452759 0.045652151107788086
1 0.29347825050354004 0.3586956262588501 0.05072462558746338 0.0369565486907959
2 0.4637681245803833 0.48641306161880493 0.06376814842224121 0.04456520080566406
2 0.5079709887504578 0.5374999940395355 0.06521737575531006 0.04456520080566406
2 0.552173912525177 0.489673912525177 0.05797100067138672 0.042391300201416016
1 0.33695653080940247 0.3168478012084961 0.056521713733673096 0.042391300201416016
2 0.5695652365684509 0.551630437374115 0.060869574546813965 0.04456520080566406
1 0.4072463810443878 0.4548913240432739 0.04347825050354004 0.035869598388671875
1 0.4471014440059662 0.3679347634315491 0.06521737575531006 0.03369569778442383
2 0.5811594128608704 0.6217391192913055 0.060869574546813965 0.04782611131668091
1 0.636956512928009 0.528804361820221 0.05072462558746338 0.042391300201416016
