1 0.6619565486907959 0.5463768243789673 0.04347825050354004 0.06376814842224121
1 0.616304337978363 0.6528985500335693 0.045652151107788086 0.06231886148452759
1 0.6413043737411499 0.70652174949646 0.0369565486907959 0.05072462558746338
2 0.5135869383811951 0.5362318754196167 0.04456520080566406 0.06376814842224121
2 0.4625000059604645 0.49202901124954224 0.04456520080566406 0.06521737575531006
2 0.510326087474823 0.447826087474823 0.042391300201416016 0.05797100067138672
1 0.6831521987915039 0.6630434691905975 0.042391300201416016 0.056521713733673096
2 0.448369562625885 0.4304347634315491 0.04456520080566406 0.060869574546813965
1 0.5451086759567261 0.5927536189556122 0.035869598388671875 0.04347825050354004
1 0.6320652365684509 0.5528985559940338 0.03369569778442383 0.06521737575531006
2 0.37826088070869446 0.41884058713912964 0.04782611131668091 0.060869574546813965
1 0.47119563817977905 0.36304348707199097 0.042391300201416016 0.05072462558746338
