1 0.5463768243789673 0.6619565486907959 0.06376814842224121 0.04347825050354004
1 0.6528985500335693 0.616304337978363 0.06231886148452759 0.045652151107788086
1 0.70652174949646 0.6413043737411499 0.05072462558746338 0.0369565486907959
2 0.5362318754196167 0.5135869383811951 0.06376814842224121 0.04456520080566406
2 0.49202901124954224 0.4624999761581421 0.06521737575531006 0.04456520080566406
2 0.447826087474823 0.510326087474823 0.05797100067138672 0.042391300201416016
1 0.6630434691905975 0.6831521987915039 0.056521713733673096 0.042391300201416016
2 0.4304347634315491 0.448369562625885 0.060869574546813965 0.04456520080566406
1 0.5927536189556122 0.5451086759567261 0.04347825050354004 0.035869598388671875
1 0.5528985559940338 0.6320652365684509 0.06521737575531006 0.03369569778442383
2 0.41884058713912964 0.37826088070869446 0.060869574546813965 0.04782611131668091
1 0.36304348707199097 0.47119563817977905 0.05072462558746338 0.042391300201416016
