2 0.5688405632972717 0.9554347861558199 0.1405797004699707 0.08478260412812233
1 0.4166666567325592 0.8826086968183517 0.10579711198806763 0.06304347515106201
2 0.19637681543827057 0.792934775352478 0.12318840622901917 0.09673911333084106
1 0.9492753744125366 0.4994565397500992 0.10144925117492676 0.06847825646400452
2 0.7927536368370056 0.6695652306079865 0.12463772296905518 0.07391303777694702
2 0.7043478488922119 0.2342391014099121 0.11594200134277344 0.08369565010070801
2 0.21086955815553665 0.615217387676239 0.11159418523311615 0.07826089859008789
2 0.36304348707199097 0.7081521824002266 0.11739128828048706 0.0880434662103653
1 0.3702898621559143 0.7994565218687057 0.12318837642669678 0.08586958050727844
2 0.08840579725801945 0.363586962223053 0.10724638029932976 0.08152174949645996
2 0.31521740555763245 0.5771739184856415 0.09420287609100342 0.08695650100708008
2 0.5688405632972717 0.643478274345398 0.12898552417755127 0.09565216302871704
2 0.8246376514434814 0.7586956471204758 0.1362318992614746 0.08695653080940247
2 0.05362318828701973 0.49184782803058624 0.10144927352666855 0.07282605767250061
2 0.6826087236404419 0.7608695700764656 0.13913047313690186 0.08695651590824127
2 0.5101449489593506 0.511413037776947 0.10724639892578125 0.08152174949645996
2 0.14927536249160767 0.5293478220701218 0.12173911929130554 0.07391306757926941
2 0.28405797481536865 0.228804349899292 0.11304348707199097 0.07500004768371582
2 0.7398550510406494 0.34239131212234497 0.11159420013427734 0.06521737575531006
1 0.8579710125923157 0.13206523656845093 0.10144925117492676 0.07500004768371582
2 0.8999999761581421 0.2951086759567261 0.11304342746734619 0.05543482303619385
1 0.8007246255874634 0.582608699798584 0.09420287609100342 0.06521737575531006
1 0.6818840503692627 0.5885869562625885 0.10289859771728516 0.072826087474823
1 0.7123188376426697 0.906521737575531 0.08260869979858398 0.0673913061618805
1 0.947826087474823 0.7228260859847069 0.104347825050354 0.06956522166728973
2 0.4847826063632965 0.4228261113166809 0.11739128828048706 0.06304347515106201
2 0.1818840652704239 0.7184782698750496 0.11159420013427734 0.08695651590824127
1 0.5637680888175964 0.8782608732581139 0.08405792713165283 0.07173912227153778
1 0.4108695685863495 0.5472826063632965 0.07391303777694702 0.07499998807907104
2 0.6297101378440857 0.33152174949645996 0.11449277400970459 0.06521737575531006
2 0.72826087474823 0.42500001192092896 0.12608695030212402 0.07826089859008789
2 0.906521737575531 0.2239130139350891 0.09710144996643066 0.06956517696380615
2 0.782608687877655 0.28423911333084106 0.09855067729949951 0.06847822666168213
1 0.27318841218948364 0.374456524848938 0.08260869979858398 0.06630432605743408
1 0.08260869607329369 0.43586957454681396 0.08985508233308792 0.05652177333831787
1 0.5920289754867554 0.7184782549738884 0.09710144996643066 0.06956522166728973
