2 0.04456521384418011 0.5688405632972717 0.08478260412812233 0.1405797004699707
1 0.11739130318164825 0.4166666567325592 0.06304347515106201 0.10579711198806763
2 0.20706522464752197 0.19637681543827057 0.09673911333084106 0.12318840622901917
1 0.5005434602499008 0.9492753744125366 0.06847825646400452 0.10144925117492676
2 0.33043476939201355 0.7927536368370056 0.07391303777694702 0.12463772296905518
2 0.7657608985900879 0.7043478488922119 0.08369565010070801 0.11594200134277344
2 0.384782612323761 0.21086955815553665 0.07826089859008789 0.11159418523311615
2 0.2918478175997734 0.36304348707199097 0.0880434662103653 0.11739128828048706
1 0.20054347813129425 0.3702898621559143 0.08586958050727844 0.12318837642669678
2 0.636413037776947 0.08840579725801945 0.08152174949645996 0.10724638029932976
2 0.4228260815143585 0.31521740555763245 0.08695650100708008 0.09420287609100342
2 0.35652172565460205 0.5688405632972717 0.09565216302871704 0.12898552417755127
2 0.24130435287952423 0.8246376514434814 0.08695653080940247 0.1362318992614746
2 0.5081521719694138 0.05362318828701973 0.07282605767250061 0.10144927352666855
2 0.2391304299235344 0.6826087236404419 0.08695651590824127 0.13913047313690186
2 0.488586962223053 0.5101449489593506 0.08152174949645996 0.10724639892578125
2 0.47065217792987823 0.14927536249160767 0.07391306757926941 0.12173911929130554
2 0.771195650100708 0.28405797481536865 0.07500004768371582 0.11304348707199097
2 0.657608687877655 0.7398550510406494 0.06521737575531006 0.11159420013427734
1 0.8679347634315491 0.8579710125923157 0.07500004768371582 0.10144925117492676
2 0.7048913240432739 0.8999999761581421 0.05543482303619385 0.11304342746734619
1 0.417391300201416 0.8007246255874634 0.06521737575531006 0.09420287609100342
1 0.4114130437374115 0.6818840503692627 0.072826087474823 0.10289859771728516
1 0.093478262424469 0.7123188376426697 0.0673913061618805 0.08260869979858398
1 0.2771739140152931 0.947826087474823 0.06956522166728973 0.104347825050354
2 0.5771738886833191 0.4847826063632965 0.06304347515106201 0.11739128828048706
2 0.2815217301249504 0.1818840652704239 0.08695651590824127 0.11159420013427734
1 0.12173912674188614 0.5637680888175964 0.07173912227153778 0.08405792713165283
1 0.4527173936367035 0.4108695685863495 0.07499998807907104 0.07391303777694702
2 0.66847825050354 0.6297101378440857 0.06521737575531006 0.11449277400970459
2 0.574999988079071 0.72826087474823 0.07826089859008789 0.12608695030212402
2 0.7760869860649109 0.906521737575531 0.06956517696380615 0.09710144996643066
2 0.7157608866691589 0.782608687877655 0.06847822666168213 0.09855067729949951
1 0.625543475151062 0.27318841218948364 0.06630432605743408 0.08260869979858398
1 0.564130425453186 0.08260869607329369 0.05652177333831787 0.08985508233308792
1 0.2815217450261116 0.5920289754867554 0.06956522166728973 0.09710144996643066
