2 0.9554347991943359 0.5688405632972717 0.08478260040283203 0.1405797004699707
1 0.8826087117195129 0.4166666567325592 0.06304347515106201 0.10579711198806763
2 0.792934775352478 0.19637681543827057 0.09673905372619629 0.12318840622901917
1 0.4994565546512604 0.9492753744125366 0.0684782862663269 0.10144925117492676
2 0.6695652306079865 0.7927536368370056 0.07391303777694702 0.12463772296905518
2 0.2342391014099121 0.7043478488922119 0.08369565010070801 0.11594200134277344
2 0.615217387676239 0.21086955815553665 0.07826089859008789 0.11159418523311615
2 0.708152174949646 0.36304348707199097 0.0880434513092041 0.11739128828048706
1 0.7994565069675446 0.3702898621559143 0.08586961030960083 0.12318837642669678
2 0.363586962223053 0.08840579725801945 0.08152174949645996 0.10724638029932976
2 0.5771739482879639 0.31521740555763245 0.08695650100708008 0.09420287609100342
2 0.643478274345398 0.5688405632972717 0.09565210342407227 0.12898552417755127
2 0.7586956322193146 0.8246376514434814 0.08695656061172485 0.1362318992614746
2 0.49184781312942505 0.05362318828701973 0.07282602787017822 0.10144927352666855
2 0.760869562625885 0.6826087236404419 0.08695650100708008 0.13913047313690186
2 0.511413037776947 0.5101449489593506 0.08152174949645996 0.10724639892578125
2 0.5293478071689606 0.14927536249160767 0.07391303777694702 0.12173911929130554
2 0.228804349899292 0.28405797481536865 0.07500004768371582 0.11304348707199097
2 0.34239131212234497 0.7398550510406494 0.06521737575531006 0.11159420013427734
1 0.13206523656845093 0.8579710125923157 0.07500004768371582 0.10144925117492676
2 0.2951086759567261 0.8999999761581421 0.05543482303619385 0.11304342746734619
1 0.582608699798584 0.8007246255874634 0.06521737575531006 0.09420287609100342
1 0.5885869562625885 0.6818840503692627 0.072826087474823 0.10289859771728516
1 0.906521737575531 0.7123188376426697 0.0673912763595581 0.08260869979858398
1 0.7228260934352875 0.947826087474823 0.06956523656845093 0.104347825050354
2 0.4228261113166809 0.4847826063632965 0.06304347515106201 0.11739128828048706
2 0.718478262424469 0.1818840652704239 0.08695650100708008 0.11159420013427734
1 0.8782608807086945 0.5637680888175964 0.07173913717269897 0.08405792713165283
1 0.5472826063632965 0.4108695685863495 0.07499998807907104 0.07391303777694702
2 0.33152174949645996 0.6297101378440857 0.06521737575531006 0.11449277400970459
2 0.42500001192092896 0.72826087474823 0.07826089859008789 0.12608695030212402
2 0.2239130139350891 0.906521737575531 0.06956517696380615 0.09710144996643066
2 0.28423911333084106 0.782608687877655 0.06847822666168213 0.09855067729949951
1 0.374456524848938 0.27318841218948364 0.06630432605743408 0.08260869979858398
1 0.43586957454681396 0.08260869607329369 0.05652177333831787 0.08985508233308792
1 0.718478262424469 0.5920289754867554 0.06956517696380615 0.09710144996643066
