2 0.04456521739130435 0.5688405797101449 0.08478260869565217 0.1405797101449275
1 0.11739130434782613 0.4166666666666666 0.06304347826086959 0.10579710144927539
2 0.20706521739130423 0.1963768115942029 0.0967391304347824 0.12318840579710147
1 0.5005434782608696 0.9492753623188395 0.06847826086956511 0.10144927536231885
2 0.33043478260869535 0.792753623188406 0.0739130434782608 0.12463768115942062
2 0.7657608695652172 0.7043478260869562 0.08369565217391267 0.11594202898550704
2 0.3847826086956524 0.21086956521739134 0.07826086956521758 0.11159420289855071
2 0.29184782608695664 0.3630434782608695 0.08804347826086972 0.11739130434782613
1 0.20054347826086955 0.3702898550724633 0.0858695652173912 0.12318840579710127
2 0.6364130434782609 0.08840579710144927 0.08152173913043477 0.10724637681159421
2 0.42282608695652174 0.3152173913043477 0.08695652173913059 0.09420289855072478
2 0.3565217391304347 0.568840579710145 0.09565217391304333 0.12898550724637697
2 0.24130434782608695 0.8246376811594199 0.0869565217391305 0.13623188405797154
2 0.5081521739130435 0.053623188405797106 0.07282608695652179 0.10144927536231885
2 0.23913043478260865 0.6826086956521737 0.08695652173913039 0.13913043478260864
2 0.4885869565217391 0.5101449275362319 0.0815217391304347 0.1072463768115942
2 0.4706521739130436 0.14927536231884056 0.07391304347826093 0.12173913043478261
2 0.7711956521739132 0.28405797101449276 0.07499999999999986 0.1130434782608696
2 0.657608695652174 0.7398550724637681 0.06521739130434781 0.11159420289855078
1 0.8679347826086955 0.8579710144927536 0.07500000000000062 0.10144927536231904
2 0.7048913043478261 0.9 0.05543478260869563 0.11304347826086954
1 0.4173913043478259 0.8007246376811581 0.06521739130434785 0.09420289855072447
1 0.4114130434782609 0.6818840579710145 0.07282608695652179 0.10289855072463759
1 0.09347826086956522 0.7123188405797103 0.06739130434782607 0.08260869565217391
1 0.27717391304347827 0.9478260869565218 0.06956521739130431 0.10434782608695642
2 0.5771739130434783 0.4847826086956522 0.06304347826086967 0.11739130434782602
2 0.2815217391304346 0.18188405797101448 0.08695652173913042 0.11159420289855077
1 0.12173913043478252 0.5637681159420288 0.07173913043478262 0.08405797101449258
1 0.4527173913043478 0.4108695652173913 0.075 0.07391304347826093
2 0.668478260869565 0.6297101449275363 0.06521739130434791 0.1144927536231888
2 0.575 0.7282608695652173 0.07826086956521743 0.12608695652173907
2 0.7760869565217391 0.9065217391304347 0.06956521739130422 0.09710144927536234
2 0.7157608695652175 0.7826086956521736 0.0684782608695653 0.09855072463768129
1 0.6255434782608695 0.27318840579710146 0.06630434782608695 0.08260869565217391
1 0.5641304347826086 0.08260869565217391 0.05652173913043477 0.0898550724637681
1 0.28152173913043477 0.5920289855072464 0.06956521739130433 0.09710144927536234
