2 0.12336957082152367 0.5398550480604172 0.1250000074505806 0.23623189330101013
1 0.3592391312122345 0.5463768243789673 0.12282609939575195 0.208695650100708
2 0.7021738886833191 0.643478274345398 0.11304342746734619 0.24347823858261108
2 0.664673924446106 0.45072466135025024 0.13804352283477783 0.23478257656097412
2 0.5891304612159729 0.2601449489593506 0.12173914909362793 0.22463774681091309
2 0.20760869979858398 0.20362317562103271 0.12608695030212402 0.23043477535247803
2 0.31521740555763245 0.41956520080566406 0.1304348111152649 0.23333334922790527
2 0.4315217584371567 0.38840581476688385 0.14782610535621643 0.2753622829914093
2 0.458695650100708 0.5891304314136505 0.12173914909362793 0.21014493703842163
2 0.301630437374115 0.19565218687057495 0.11413043737411499 0.2231884002685547
2 0.2717391327023506 0.708695650100708 0.11086957156658173 0.19130432605743408
