2 0.876630425453186 0.4601449519395828 0.125 0.23623189330101013
1 0.6407608985900879 0.4536231756210327 0.12282609939575195 0.208695650100708
2 0.2978261113166809 0.35652172565460205 0.11304342746734619 0.24347823858261108
2 0.33532607555389404 0.5492753386497498 0.13804352283477783 0.23478257656097412
2 0.4108695387840271 0.7398550510406494 0.12173914909362793 0.22463774681091309
2 0.792391300201416 0.7963768243789673 0.12608695030212402 0.23043477535247803
2 0.6847825944423676 0.5804347991943359 0.1304348111152649 0.23333334922790527
2 0.5684782564640045 0.6115941852331161 0.14782613515853882 0.2753622829914093
2 0.541304349899292 0.4108695685863495 0.12173914909362793 0.21014493703842163
2 0.698369562625885 0.804347813129425 0.11413037776947021 0.2231884002685547
2 0.7282608449459076 0.291304349899292 0.11086958646774292 0.19130432605743408
