2 0.12336956521739133 0.4601449275362319 0.12500000000000003 0.23623188405797102
1 0.35923913043478267 0.4536231884057972 0.12282608695652175 0.20869565217391306
2 0.7021739130434784 0.35652173913043483 0.11304347826086954 0.24347826086956523
2 0.6646739130434784 0.5492753623188404 0.13804347826086968 0.23478260869565193
2 0.5891304347826086 0.7398550724637681 0.12173913043478266 0.22463768115942032
2 0.2076086956521739 0.7963768115942029 0.12608695652173915 0.2304347826086956
2 0.3152173913043479 0.5804347826086956 0.1304347826086956 0.23333333333333336
2 0.43152173913043496 0.6115942028985509 0.14782608695652177 0.2753623188405795
2 0.4586956521739131 0.41086956521739126 0.12173913043478263 0.21014492753623196
2 0.30163043478260865 0.8043478260869571 0.11413043478260876 0.22318840579710256
2 0.2717391304347826 0.29130434782608694 0.11086956521739133 0.1913043478260869
