2 0.24293477833271027 0.34275364875793457 0.05760869383811951 0.0681159496307373
0 0.3375000059604645 0.31521737575531006 0.05978262424468994 0.0681159496307373
0 0.301086962223053 0.6840579807758331 0.045652151107788086 0.0724637508392334
0 0.48695649206638336 0.7333333119750023 0.03913041949272156 0.06956522166728973
0 0.541847825050354 0.6536231935024261 0.04456520080566406 0.05507248640060425
2 0.7673913240432739 0.4521738886833191 0.04999995231628418 0.04347825050354004
0 0.259239137172699 0.595652163028717 0.04456520080566406 0.06376814842224121
0 0.24076086282730103 0.5405797064304352 0.05108696222305298 0.052173912525177
0 0.43586957454681396 0.34565216302871704 0.04782611131668091 0.06231880187988281
1 0.5005434602499008 0.104347825050354 0.02934780716896057 0.060869574546813965
0 0.4532608687877655 0.291304349899292 0.039130449295043945 0.05217385292053223
0 0.7538043260574341 0.5072463899850845 0.04021739959716797 0.04057970643043518
1 0.49619564414024353 0.6724637746810913 0.0358695387840271 0.06666666269302368
1 0.563043475151062 0.14710146188735962 0.032608747482299805 0.04492747783660889
2 0.479347825050354 0.46014493703842163 0.023913025856018066 0.053623199462890625
0 0.872826099395752 0.37246376276016235 0.04130434989929199 0.03768110275268555
1 0.916847825050354 0.376086950302124 0.042391300201416016 0.05072462558746338
0 0.9744565486907959 0.3550724387168884 0.029347777366638184 0.03768110275268555
1 0.554347813129425 0.20434784889221191 0.0369565486907959 0.03768110275268555
0 0.39402174949645996 0.354347825050354 0.03369563817977905 0.04492759704589844
