1 0.5985507369041443 0.1619565486907959 0.04057973623275757 0.0369565486907959
2 0.5065217465162277 0.15543478727340698 0.05362316966056824 0.04130434989929199
2 0.8260869532823563 0.5586956441402435 0.04057970643043518 0.030434787273406982
1 0.8108695596456528 0.8092391341924667 0.0362318754196167 0.02934783697128296
1 0.8181159347295761 0.355434775352478 0.04492753744125366 0.032608747482299805
1 0.4760869890451431 0.20543479919433594 0.04782608151435852 0.03478264808654785
2 0.46014493703842163 0.2353261113166809 0.04492747783660889 0.029347777366638184
2 0.6072463691234589 0.22663044929504395 0.03768116235733032 0.03152179718017578
1 0.6413043439388275 0.5010869652032852 0.042028963565826416 0.030434757471084595
0 0.6985507309436798 0.4543478488922119 0.04347825050354004 0.02826082706451416
1 0.7304347828030586 0.47608697414398193 0.04927535355091095 0.026086926460266113
