1 0.8380434513092041 0.4014492630958557 0.0369565486907959 0.04057973623275757
2 0.844565212726593 0.4934782534837723 0.04130434989929199 0.05362316966056824
2 0.44130435585975647 0.17391304671764374 0.030434787273406982 0.04057970643043518
1 0.19076086580753326 0.18913044035434723 0.02934783697128296 0.0362318754196167
1 0.644565224647522 0.1818840652704239 0.032608747482299805 0.04492753744125366
1 0.7945652008056641 0.5239130109548569 0.03478264808654785 0.04782608151435852
2 0.7646738886833191 0.5398550629615784 0.029347777366638184 0.04492747783660889
2 0.773369550704956 0.39275363087654114 0.03152179718017578 0.03768116235733032
1 0.4989130347967148 0.3586956560611725 0.030434757471084595 0.042028963565826416
0 0.5456521511077881 0.3014492690563202 0.02826082706451416 0.04347825050354004
1 0.5239130258560181 0.2695652171969414 0.026086926460266113 0.04927535355091095
