1 0.946739137172699 0.6942028999328613 0.02826082706451416 0.02898550033569336
1 0.801086962223053 0.6702898740768433 0.02826082706451416 0.039130449295043945
2 0.522826075553894 0.332608699798584 0.032608747482299805 0.05072462558746338
0 0.384782612323761 0.2702898681163788 0.02826082706451416 0.0362318754196167
0 0.686956524848938 0.30579710006713867 0.030434846878051758 0.034782588481903076
0 0.489130437374115 0.7601449489593506 0.045652151107788086 0.05072462558746338
0 0.51902174949646 0.699999988079071 0.03369569778442383 0.04057967662811279
0 0.5266304314136505 0.7536231875419617 0.03369563817977905 0.04347825050354004
0 0.3586956262588501 0.2963768243789673 0.032608747482299805 0.042028963565826416
0 0.017391324043273926 0.447826087474823 0.030434727668762207 0.04347825050354004
