1 0.05326087027788162 0.6942028999328613 0.02826087176799774 0.02898550033569336
1 0.19891303777694702 0.6702898740768433 0.028260856866836548 0.039130449295043945
2 0.47717392444610596 0.332608699798584 0.03260868787765503 0.05072462558746338
0 0.615217387676239 0.2702898681163788 0.02826082706451416 0.0362318754196167
0 0.313043475151062 0.30579710006713867 0.030434787273406982 0.034782588481903076
0 0.510869562625885 0.7601449489593506 0.045652151107788086 0.05072462558746338
0 0.48097825050354004 0.699999988079071 0.03369563817977905 0.04057967662811279
0 0.4733695685863495 0.7536231875419617 0.03369563817977905 0.04347825050354004
0 0.6413043737411499 0.2963768243789673 0.032608747482299805 0.042028963565826416
0 0.9826086759567261 0.447826087474823 0.030434727668762207 0.04347825050354004
