1 0.6942028999328613 0.053260862827301025 0.02898550033569336 0.02826082706451416
1 0.6702898740768433 0.19891303777694702 0.039130449295043945 0.02826082706451416
2 0.332608699798584 0.47717392444610596 0.05072462558746338 0.032608747482299805
0 0.2702898681163788 0.615217387676239 0.0362318754196167 0.02826082706451416
0 0.30579710006713867 0.313043475151062 0.034782588481903076 0.030434846878051758
0 0.7601449489593506 0.510869562625885 0.05072462558746338 0.045652151107788086
0 0.699999988079071 0.48097825050354004 0.04057967662811279 0.03369569778442383
0 0.7536231875419617 0.4733695685863495 0.04347825050354004 0.03369563817977905
0 0.2963768243789673 0.6413043737411499 0.042028963565826416 0.032608747482299805
0 0.447826087474823 0.9826086759567261 0.04347825050354004 0.030434727668762207
