0 0.2027173936367035 0.6224637627601624 0.072826087474823 0.09420287609100342
0 0.510326087474823 0.5123188495635986 0.08369565010070801 0.09420287609100342
0 0.502173900604248 0.643478274345398 0.08260869979858398 0.09565222263336182
0 0.5380434989929199 0.3166666626930237 0.06521737575531006 0.10289853811264038
0 0.6913043260574341 0.3855072557926178 0.0717390775680542 0.11304348707199097
0 0.91847825050354 0.4797101467847824 0.06304347515106201 0.10144928097724915
0 0.967391312122345 0.38840579986572266 0.06304347515106201 0.10144925117492676
1 0.6798912882804871 0.30579710006713867 0.042391300201416016 0.06376814842224121
0 0.582608699798584 0.4057970941066742 0.060869574546813965 0.10144925117492676
0 0.13152174651622772 0.7666666507720947 0.06304347515106201 0.0724637508392334
