0 0.7972826063632965 0.37753623723983765 0.072826087474823 0.09420287609100342
0 0.489673912525177 0.48768115043640137 0.08369565010070801 0.09420287609100342
0 0.49782609939575195 0.35652172565460205 0.08260869979858398 0.09565222263336182
0 0.4619565010070801 0.6833333373069763 0.06521737575531006 0.10289853811264038
0 0.3086956739425659 0.6144927442073822 0.0717390775680542 0.11304348707199097
0 0.08152174949645996 0.5202898532152176 0.06304347515106201 0.10144928097724915
0 0.03260868787765503 0.6115942001342773 0.06304347515106201 0.10144925117492676
1 0.32010871171951294 0.6942028999328613 0.042391300201416016 0.06376814842224121
0 0.417391300201416 0.5942029058933258 0.060869574546813965 0.10144925117492676
0 0.8684782534837723 0.23333334922790527 0.06304347515106201 0.0724637508392334
