2 0.22554348409175873 0.7260869741439819 0.13804349303245544 0.2753622531890869
0 0.176630437374115 0.04855072498321533 0.07065218687057495 0.07101449370384216
0 0.6173912882804871 0.18115942180156708 0.04999995231628418 0.09565216302871704
2 0.5369565486907959 0.6681159138679504 0.045652151107788086 0.08695650100708008
0 0.46630436182022095 0.3659420311450958 0.052173912525177 0.11449277400970459
2 0.4315217435359955 0.5702898502349854 0.08260869979858398 0.16956520080566406
1 0.270108699798584 0.08985507674515247 0.07065218687057495 0.07536232098937035
2 0.9114130139350891 0.30434781312942505 0.048913002014160156 0.060869574546813965
2 0.9831521511077881 0.3289855122566223 0.03369569778442383 0.08115941286087036
0 0.14945651590824127 0.11159419640898705 0.031521737575531006 0.043478257954120636
