2 0.7744565308094025 0.7260869741439819 0.13804346323013306 0.2753622531890869
0 0.823369562625885 0.04855072498321533 0.07065212726593018 0.07101449370384216
0 0.38260871171951294 0.18115942180156708 0.04999995231628418 0.09565216302871704
2 0.4630434513092041 0.6681159138679504 0.045652151107788086 0.08695650100708008
0 0.533695638179779 0.3659420311450958 0.05217397212982178 0.11449277400970459
2 0.5684782266616821 0.5702898502349854 0.08260869979858398 0.16956520080566406
1 0.729891300201416 0.08985507674515247 0.07065224647521973 0.07536232098937035
2 0.08858698606491089 0.30434781312942505 0.048913002014160156 0.060869574546813965
2 0.016847848892211914 0.3289855122566223 0.03369569778442383 0.08115941286087036
0 0.8505434691905975 0.11159419640898705 0.031521737575531006 0.043478257954120636
