2 0.6097826063632965 0.6355072557926178 0.11956518888473511 0.186956524848938
2 0.1923912763595581 0.540579691529274 0.13043475151062012 0.14782610535621643
0 0.5048912912607193 0.769565224647522 0.10760870575904846 0.104347825050354
2 0.469565212726593 0.28405797481536865 0.08913040161132812 0.15362322330474854
2 0.1722826361656189 0.25289857387542725 0.12282609939575195 0.17826080322265625
0 0.5456521809101105 0.2028985619544983 0.050000011920928955 0.11884057521820068
0 0.6277174055576324 0.2818840742111206 0.05543476343154907 0.0681159496307373
0 0.677173912525177 0.22826087474822998 0.05869567394256592 0.07681155204772949
0 0.7565217465162277 0.2130434513092041 0.05652174353599548 0.08115947246551514
0 0.4005434513092041 0.31086957454681396 0.07065212726593018 0.09420287609100342
0 0.716847836971283 0.32971012592315674 0.04891306161880493 0.053623199462890625
0 0.6907608807086945 0.37753623723983765 0.046739161014556885 0.04492747783660889
0 0.9619565233588219 0.6521739065647125 0.04565217345952988 0.05797100067138672
2 0.9206521734595299 0.6521739065647125 0.0673913061618805 0.10724639892578125
0 0.13423913717269897 0.3166666626930237 0.06413042545318604 0.09130430221557617
0 0.09891301393508911 0.22681158781051636 0.05869567394256592 0.09130430221557617
