2 0.3902173936367035 0.3644927442073822 0.11956518888473511 0.186956524848938
2 0.8076087236404419 0.459420308470726 0.13043475151062012 0.14782610535621643
0 0.4951087087392807 0.23043477535247803 0.10760870575904846 0.104347825050354
2 0.530434787273407 0.7159420251846313 0.08913040161132812 0.15362322330474854
2 0.8277173638343811 0.7471014261245728 0.12282609939575195 0.17826080322265625
0 0.4543478190898895 0.7971014380455017 0.050000011920928955 0.11884057521820068
0 0.37228259444236755 0.7181159257888794 0.05543476343154907 0.0681159496307373
0 0.322826087474823 0.77173912525177 0.05869567394256592 0.07681155204772949
0 0.24347825348377228 0.7869565486907959 0.05652174353599548 0.08115947246551514
0 0.5994565486907959 0.689130425453186 0.07065212726593018 0.09420287609100342
0 0.28315216302871704 0.6702898740768433 0.04891306161880493 0.053623199462890625
0 0.30923911929130554 0.6224637627601624 0.046739161014556885 0.04492747783660889
0 0.03804347664117813 0.3478260934352875 0.04565217345952988 0.05797100067138672
2 0.07934782654047012 0.3478260934352875 0.0673913061618805 0.10724639892578125
0 0.865760862827301 0.6833333373069763 0.06413042545318604 0.09130430221557617
0 0.9010869860649109 0.7731884121894836 0.05869567394256592 0.09130430221557617
