2 0.6097826063632965 0.3644927442073822 0.11956518888473511 0.186956524848938
2 0.1923912763595581 0.459420308470726 0.13043475151062012 0.14782610535621643
0 0.5048913061618805 0.23043477535247803 0.10760873556137085 0.104347825050354
2 0.469565212726593 0.7159420251846313 0.08913040161132812 0.15362322330474854
2 0.1722826361656189 0.7471014261245728 0.12282609939575195 0.17826080322265625
0 0.5456521809101105 0.7971014380455017 0.050000011920928955 0.11884057521820068
0 0.6277174055576324 0.7181159257888794 0.05543476343154907 0.0681159496307373
0 0.677173912525177 0.77173912525177 0.05869567394256592 0.07681155204772949
0 0.7565217614173889 0.7869565486907959 0.05652177333831787 0.08115947246551514
0 0.4005434513092041 0.689130425453186 0.07065212726593018 0.09420287609100342
0 0.716847836971283 0.6702898740768433 0.04891312122344971 0.053623199462890625
0 0.6907608807086945 0.6224637627601624 0.046739161014556885 0.04492747783660889
0 0.9619565308094025 0.3478260934352875 0.04565221071243286 0.05797100067138672
2 0.9206521809101105 0.3478260934352875 0.06739133596420288 0.10724639892578125
0 0.13423913717269897 0.6833333373069763 0.06413042545318604 0.09130430221557617
0 0.09891301393508911 0.7731884121894836 0.05869567394256592 0.09130430221557617
