2 0.27173912525177 0.4516304135322571 0.030434787273406982 0.022826075553894043
2 0.24202898889780045 0.373913049697876 0.040579721331596375 0.02173912525177002
2 0.15942029654979706 0.5565217137336731 0.04057970643043518 0.019565224647521973
1 0.3442029058933258 0.416304349899292 0.024637699127197266 0.02826094627380371
1 0.26304349303245544 0.5016303956508636 0.030434787273406982 0.027173936367034912
1 0.18623188138008118 0.046195656061172485 0.0362318754196167 0.02282613515853882
1 0.20000000298023224 0.24239128828048706 0.04057970643043518 0.026086926460266113
1 0.25 0.729891300201416 0.0362318754196167 0.020652174949645996
1 0.2137681096792221 0.802717387676239 0.0362318754196167 0.022826075553894043
2 0.3181159496307373 0.44999998807907104 0.024637699127197266 0.02173912525177002
0 0.30942028760910034 0.800000011920929 0.02173912525177002 0.023913025856018066
2 0.6442028880119324 0.01086956262588501 0.04782605171203613 0.02173912525177002
