2 0.5483695864677429 0.27173912525177 0.022826075553894043 0.030434787273406982
2 0.626086950302124 0.24202898889780045 0.02173912525177002 0.040579721331596375
2 0.4434782862663269 0.15942029654979706 0.019565224647521973 0.04057970643043518
1 0.583695650100708 0.3442029058933258 0.02826094627380371 0.024637699127197266
1 0.49836960434913635 0.26304349303245544 0.027173936367034912 0.030434787273406982
1 0.9538043439388275 0.18623188138008118 0.02282613515853882 0.0362318754196167
1 0.7576087117195129 0.20000000298023224 0.026086926460266113 0.04057970643043518
1 0.270108699798584 0.25 0.020652174949645996 0.0362318754196167
1 0.197282612323761 0.2137681096792221 0.022826075553894043 0.0362318754196167
2 0.550000011920929 0.3181159496307373 0.02173912525177002 0.024637699127197266
0 0.19999998807907104 0.30942028760910034 0.023913025856018066 0.02173912525177002
2 0.989130437374115 0.6442028880119324 0.02173912525177002 0.04782605171203613
