2 0.45163044333457947 0.72826087474823 0.022826075553894043 0.030434787273406982
2 0.373913049697876 0.7579710111021996 0.02173912525177002 0.040579721331596375
2 0.5565217137336731 0.8405797034502029 0.019565224647521973 0.04057970643043518
1 0.416304349899292 0.6557970941066742 0.028260886669158936 0.024637699127197266
1 0.5016304105520248 0.7369565069675446 0.027173906564712524 0.030434787273406982
1 0.04619565233588219 0.8137681186199188 0.02282608300447464 0.0362318754196167
1 0.24239130318164825 0.7999999970197678 0.0260869562625885 0.04057970643043518
1 0.729891300201416 0.75 0.020652174949645996 0.0362318754196167
1 0.802717387676239 0.7862318903207779 0.022826075553894043 0.0362318754196167
2 0.44999998807907104 0.6818840503692627 0.02173912525177002 0.024637699127197266
0 0.800000011920929 0.6905797123908997 0.023913025856018066 0.02173912525177002
2 0.010869565419852734 0.3557971119880676 0.021739130839705467 0.04782605171203613
