1 0.3862318694591522 0.6489130258560181 0.042028963565826416 0.030434727668762207
2 0.4630434811115265 0.5576087236404419 0.0362318754196167 0.02826082706451416
2 0.41521739959716797 0.2760869562625885 0.042028963565826416 0.034782588481903076
2 0.48768115043640137 0.11358695477247238 0.039130449295043945 0.03804348409175873
0 0.5195652395486832 0.727717399597168 0.042028993368148804 0.027173876762390137
0 0.43913042545318604 0.604347825050354 0.034782588481903076 0.030434727668762207
1 0.323913037776947 0.7461956739425659 0.039130449295043945 0.029347777366638184
0 0.42971014976501465 0.9516304135322571 0.0362318754196167 0.02499997615814209
0 0.5289855003356934 0.6951087117195129 0.03478264808654785 0.02499997615814209
0 0.38913044333457947 0.770108699798584 0.0362318754196167 0.027173876762390137
0 0.3942028880119324 0.9614130258560181 0.04057973623275757 0.03152179718017578
