2 0.20434781908988953 0.729347825050354 0.09855073690414429 0.11521744728088379
0 0.1355072408914566 0.6717391610145569 0.08550724387168884 0.06521737575531006
2 0.38188406825065613 0.886413037776947 0.06521737575531006 0.0532609224319458
2 0.5782608985900879 0.7847826182842255 0.12173914909362793 0.12173908948898315
1 0.7072463631629944 0.7157608866691589 0.12173914909362793 0.14239132404327393
1 0.8065217137336731 0.5576086640357971 0.16956520080566406 0.1086956262588501
2 0.9420289993286133 0.40869563817977905 0.11594200134277344 0.10000002384185791
2 0.9514492750167847 0.47771739959716797 0.09710144996643066 0.07500004768371582
0 0.25724637508392334 0.770108699798584 0.05942028760910034 0.06630432605743408
2 0.7420290112495422 0.292934775352478 0.104347825050354 0.11630439758300781
1 0.04202898405492306 0.8570652008056641 0.04927535727620125 0.03369569778442383
