2 0.270652174949646 0.20434781908988953 0.11521738767623901 0.09855073690414429
0 0.3282608687877655 0.1355072408914566 0.06521737575531006 0.08550724387168884
2 0.11358695477247238 0.38188406825065613 0.05326087772846222 0.06521737575531006
2 0.21521739661693573 0.5782608985900879 0.12173911929130554 0.12173914909362793
1 0.28423914313316345 0.7072463631629944 0.14239132404327393 0.12173914909362793
1 0.4423913061618805 0.8065217137336731 0.1086956262588501 0.16956520080566406
2 0.591304361820221 0.9420289993286133 0.10000002384185791 0.11594200134277344
2 0.5222826153039932 0.9514492750167847 0.07500001788139343 0.09710144996643066
0 0.22989129275083542 0.25724637508392334 0.06630434095859528 0.05942028760910034
2 0.707065224647522 0.7420290112495422 0.11630439758300781 0.104347825050354
1 0.14293478429317474 0.04202898405492306 0.03369566798210144 0.04927535727620125
