2 0.2340579628944397 0.689673900604248 0.05072462558746338 0.05326080322265625
2 0.2181159257888794 0.6489130258560181 0.05652177333831787 0.04130434989929199
2 0.8173913061618805 0.35652172565460205 0.08695653080940247 0.0739130973815918
2 0.6159420311450958 0.2244565486907959 0.10144925117492676 0.0880434513092041
1 0.7971014529466629 0.20652174949645996 0.052173912525177 0.0717390775680542
2 0.4942029267549515 0.583695650100708 0.05507245659828186 0.05217385292053223
0 0.7014492750167847 0.500543475151062 0.07536232471466064 0.05978262424468994
1 0.4413043260574341 0.655978262424469 0.05072462558746338 0.04456520080566406
0 0.7333333194255829 0.364673912525177 0.05797100067138672 0.048913002014160156
0 0.7579710185527802 0.41847825050354004 0.08115941286087036 0.05869567394256592
0 0.9050724692642689 0.363586962223053 0.07681158930063248 0.057608723640441895
0 0.6833333373069763 0.17336958646774292 0.05942028760910034 0.057608723640441895
