2 0.31032609939575195 0.7659420371055603 0.053260862827301025 0.05072462558746338
2 0.35108694434165955 0.7818840742111206 0.04130434989929199 0.05652177333831787
2 0.643478274345398 0.1826086938381195 0.0739130973815918 0.08695653080940247
2 0.7755434513092041 0.3840579688549042 0.0880434513092041 0.10144925117492676
1 0.79347825050354 0.2028985470533371 0.0717390775680542 0.052173912525177
2 0.416304349899292 0.5057970732450485 0.052173912525177 0.05507245659828186
0 0.499456524848938 0.29855072498321533 0.05978262424468994 0.07536232471466064
1 0.344021737575531 0.5586956739425659 0.04456520080566406 0.05072462558746338
0 0.635326087474823 0.2666666805744171 0.048913002014160156 0.05797100067138672
0 0.58152174949646 0.24202898144721985 0.05869567394256592 0.08115941286087036
0 0.636413037776947 0.09492753073573112 0.057608723640441895 0.07681158930063248
0 0.8266304135322571 0.3166666626930237 0.057608723640441895 0.05942028760910034
