2 0.689673900604248 0.7659420371055603 0.05326080322265625 0.05072462558746338
2 0.6489130258560181 0.7818840742111206 0.04130434989929199 0.05652177333831787
2 0.35652172565460205 0.1826086938381195 0.0739130973815918 0.08695653080940247
2 0.2244565486907959 0.3840579688549042 0.0880434513092041 0.10144925117492676
1 0.20652174949645996 0.2028985470533371 0.0717390775680542 0.052173912525177
2 0.583695650100708 0.5057970732450485 0.05217385292053223 0.05507245659828186
0 0.500543475151062 0.29855072498321533 0.05978262424468994 0.07536232471466064
1 0.655978262424469 0.5586956739425659 0.04456520080566406 0.05072462558746338
0 0.364673912525177 0.2666666805744171 0.048913002014160156 0.05797100067138672
0 0.41847825050354004 0.24202898144721985 0.05869567394256592 0.08115941286087036
0 0.363586962223053 0.09492753073573112 0.057608723640441895 0.07681158930063248
0 0.17336958646774292 0.3166666626930237 0.057608723640441895 0.05942028760910034
