2 0.46594202518463135 0.9005434811115265 0.17536234855651855 0.1402173638343811
2 0.3478260934352875 0.4842391014099121 0.13333332538604736 0.11630439758300781
2 0.5500000268220901 0.48804348707199097 0.13478264212608337 0.11086952686309814
2 0.5797101259231567 0.3489130139350891 0.14782607555389404 0.11956524848937988
2 0.7833333611488342 0.501630425453186 0.14347827434539795 0.0923912525177002
2 0.8304347991943359 0.41956520080566406 0.12463772296905518 0.10217392444610596
0 0.4014492630958557 0.5760869681835175 0.09565216302871704 0.07608693838119507
0 0.6681159138679504 0.676630437374115 0.08695650100708008 0.08586955070495605
1 0.6405797004699707 0.5374999940395355 0.10724639892578125 0.08804351091384888
0 0.7166666388511658 0.2967391014099121 0.09130430221557617 0.0739130973815918
0 0.7724637389183044 0.3489130139350891 0.09565222263336182 0.08260869979858398
0 0.656521737575531 0.40326088666915894 0.09275364875793457 0.08695650100708008
0 0.6521739363670349 0.6092391312122345 0.1101449728012085 0.072826087474823
0 0.3789854943752289 0.7788043320178986 0.09420287609100342 0.09021741151809692
