2 0.09945652173913043 0.4659420289855072 0.14021739130434782 0.17536231884057968
2 0.5157608695652174 0.34782608695652173 0.11630434782608695 0.13333333333333328
2 0.5119565217391304 0.55 0.1108695652173914 0.13478260869565217
2 0.6510869565217391 0.5797101449275363 0.1195652173913043 0.1478260869565218
2 0.49836956521739134 0.7833333333333334 0.09239130434782591 0.14347826086956492
2 0.5804347826086956 0.8304347826086956 0.10217391304347828 0.12463768115942031
0 0.4239130434782609 0.40144927536231884 0.07608695652173914 0.09565217391304344
0 0.32336956521739124 0.6681159420289855 0.08586956521739132 0.08695652173913032
1 0.4625 0.6405797101449275 0.08804347826086953 0.10724637681159407
0 0.7032608695652172 0.7166666666666663 0.07391304347826143 0.09130434782608741
0 0.6510869565217392 0.7724637681159419 0.08260869565217402 0.09565217391304393
0 0.5967391304347824 0.6565217391304345 0.08695652173913061 0.09275362318840592
0 0.39076086956521716 0.6521739130434778 0.07282608695652187 0.11014492753623183
0 0.22119565217391304 0.37898550724637686 0.09021739130434785 0.09420289855072461
