2 0.9005434811115265 0.5340579748153687 0.1402173638343811 0.17536234855651855
2 0.4842391014099121 0.6521739065647125 0.11630439758300781 0.13333332538604736
2 0.48804348707199097 0.44999997317790985 0.11086952686309814 0.13478264212608337
2 0.3489130139350891 0.42028987407684326 0.11956524848937988 0.14782607555389404
2 0.501630425453186 0.21666663885116577 0.0923912525177002 0.14347827434539795
2 0.41956520080566406 0.16956520080566406 0.10217392444610596 0.12463772296905518
0 0.5760869681835175 0.5985507369041443 0.07608693838119507 0.09565216302871704
0 0.676630437374115 0.33188408613204956 0.08586955070495605 0.08695650100708008
1 0.5374999940395355 0.3594202995300293 0.08804351091384888 0.10724639892578125
0 0.2967391014099121 0.28333336114883423 0.0739130973815918 0.09130430221557617
0 0.3489130139350891 0.22753626108169556 0.08260869979858398 0.09565222263336182
0 0.40326088666915894 0.343478262424469 0.08695650100708008 0.09275364875793457
0 0.6092391312122345 0.3478260636329651 0.072826087474823 0.1101449728012085
0 0.7788043320178986 0.6210145056247711 0.09021741151809692 0.09420287609100342
