2 0.8043478280305862 0.853804349899292 0.057971030473709106 0.042391300201416016
2 0.9195652157068253 0.898369550704956 0.05072464048862457 0.0532609224319458
0 0.9782608691602945 0.9092391133308411 0.043478261679410934 0.0510869026184082
2 0.7826087027788162 0.666847825050354 0.052173912525177 0.04021739959716797
2 0.46159422397613525 0.716847836971283 0.0739130973815918 0.04021739959716797
2 0.5905797183513641 0.7119565010070801 0.04782611131668091 0.04130434989929199
0 0.667391300201416 0.8923913240432739 0.04782611131668091 0.04130434989929199
0 0.832608699798584 0.887499988079071 0.039130449295043945 0.0510869026184082
2 0.7231884002685547 0.6407608985900879 0.04347825050354004 0.035869598388671875
2 0.46086955070495605 0.685326099395752 0.05797100067138672 0.029347777366638184
2 0.5289855003356934 0.966847836971283 0.06376814842224121 0.057608723640441895
