2 0.853804349899292 0.19565217196941376 0.042391300201416016 0.057971030473709106
2 0.898369550704956 0.08043478429317474 0.0532609224319458 0.05072464048862457
0 0.9092391133308411 0.021739130839705467 0.0510869026184082 0.043478261679410934
2 0.666847825050354 0.21739129722118378 0.04021739959716797 0.052173912525177
2 0.716847836971283 0.5384057760238647 0.04021739959716797 0.0739130973815918
2 0.7119565010070801 0.40942028164863586 0.04130434989929199 0.04782611131668091
0 0.8923913240432739 0.332608699798584 0.04130434989929199 0.04782611131668091
0 0.887499988079071 0.16739130020141602 0.0510869026184082 0.039130449295043945
2 0.6407608985900879 0.2768115997314453 0.035869598388671875 0.04347825050354004
2 0.685326099395752 0.539130449295044 0.029347777366638184 0.05797100067138672
2 0.966847836971283 0.47101449966430664 0.057608723640441895 0.06376814842224121
