0 0.44673913043478264 0.3173913043478261 0.09347826086956523 0.13333333333333328
0 0.27445652173913043 0.5492753623188407 0.09891304347826085 0.11304347826086947
0 0.31576086956521743 0.41666666666666674 0.08152173913043477 0.1289855072463768
0 0.3646739130434783 0.8318840579710147 0.07282608695652179 0.08695652173913046
0 0.558695652173913 0.6268115942028986 0.06956521739130438 0.10289855072463759
0 0.6864130434782603 0.6159420289855072 0.05543478260869573 0.09855072463768116
0 0.579891304347826 0.23043478260869563 0.07934782608695656 0.1188405797101449
0 0.3070652173913044 0.12318840579710144 0.09456521739130434 0.127536231884058
0 0.2255434782608696 0.21086956521739128 0.09673913043478262 0.14927536231884056
0 0.34402173913043477 0.20724637681159422 0.07065217391304356 0.11594202898550725
0 0.6423913043478261 0.7586956521739132 0.05434782608695645 0.08840579710144945
0 0.7206521739130436 0.4927536231884059 0.06086956521739126 0.1014492753623189
0 0.8527173913043478 0.4666666666666666 0.05543478260869577 0.08695652173913046
0 0.5766304347826088 0.42826086956521736 0.07500000000000007 0.10869565217391304
0 0.43695652173913047 0.5014492753623189 0.07391304347826086 0.09855072463768116
0 0.22336956521739132 0.3362318840579709 0.08152173913043502 0.10724637681159412
0 0.25815217391304346 0.8166666666666669 0.07282608695652172 0.09130434782608703
