0 0.446739137172699 0.3173913061618805 0.093478262424469 0.13333332538604736
0 0.27445652335882187 0.5492753237485886 0.0989130288362503 0.11304345726966858
0 0.31576088070869446 0.4166666567325592 0.08152174949645996 0.12898552417755127
0 0.364673912525177 0.8318840861320496 0.072826087474823 0.08695650100708008
0 0.5586956739425659 0.6268116235733032 0.06956517696380615 0.10289859771728516
0 0.686413049697876 0.6159420013427734 0.05543482303619385 0.09855067729949951
0 0.5798913240432739 0.23043477535247803 0.07934784889221191 0.11884057521820068
0 0.3070652186870575 0.12318840622901917 0.09456521272659302 0.12753623723983765
0 0.22554348409175873 0.21086957305669785 0.09673914313316345 0.14927537739276886
0 0.344021737575531 0.20724637806415558 0.07065218687057495 0.11594203114509583
0 0.6423913240432739 0.758695662021637 0.054347872734069824 0.08840584754943848
0 0.720652163028717 0.49275362491607666 0.060869574546813965 0.10144925117492676
0 0.852717399597168 0.46666668355464935 0.05543482303619385 0.08695653080940247
0 0.5766304135322571 0.428260862827301 0.07500004768371582 0.1086956262588501
0 0.436956524848938 0.5014492720365524 0.07391303777694702 0.0985507071018219
0 0.2233695685863495 0.33623188734054565 0.08152174949645996 0.10724639892578125
0 0.25815218687057495 0.8166666626930237 0.072826087474823 0.09130430221557617
