0 0.6826086938381195 0.553260862827301 0.13333332538604736 0.093478262424469
0 0.45072467625141144 0.7255434766411781 0.11304345726966858 0.0989130288362503
0 0.5833333432674408 0.6842391192913055 0.12898552417755127 0.08152174949645996
0 0.16811591386795044 0.635326087474823 0.08695650100708008 0.072826087474823
0 0.3731883764266968 0.4413043260574341 0.10289859771728516 0.06956517696380615
0 0.38405799865722656 0.313586950302124 0.09855067729949951 0.05543482303619385
0 0.769565224647522 0.4201086759567261 0.11884057521820068 0.07934784889221191
0 0.8768115937709808 0.6929347813129425 0.12753623723983765 0.09456521272659302
0 0.7891304269433022 0.7744565159082413 0.14927537739276886 0.09673914313316345
0 0.7927536219358444 0.655978262424469 0.11594203114509583 0.07065218687057495
0 0.24130433797836304 0.3576086759567261 0.08840584754943848 0.054347872734069824
0 0.5072463750839233 0.27934783697128296 0.10144925117492676 0.060869574546813965
0 0.5333333164453506 0.14728260040283203 0.08695653080940247 0.05543482303619385
0 0.571739137172699 0.4233695864677429 0.1086956262588501 0.07500004768371582
0 0.49855072796344757 0.563043475151062 0.0985507071018219 0.07391303777694702
0 0.6637681126594543 0.7766304314136505 0.10724639892578125 0.08152174949645996
0 0.18333333730697632 0.741847813129425 0.09130430221557617 0.072826087474823
