2 0.27826086956521734 0.19927536231884058 0.1782608695652174 0.21014492753623187
2 0.3733695652173914 0.4311594202898551 0.2119565217391304 0.2391304347826088
2 0.17336956521739133 0.6369565217391304 0.19456521739130433 0.22173913043478266
2 0.37663043478260877 0.6528985507246378 0.18369565217391318 0.21594202898550732
0 0.4940217391304348 0.6572463768115943 0.12282608695652181 0.16666666666666663
0 0.5505434782608696 0.5768115942028984 0.14456521739130432 0.19420289855072434
1 0.2864130434782608 0.5007246376811594 0.10978260869565214 0.14347826086956517
2 0.9043478260869565 0.44999999999999996 0.15434782608695657 0.18985507246376782
2 0.8125 0.658695652173913 0.17065217391304358 0.17536231884057976
1 0.7820652173913044 0.45942028985507244 0.11413043478260888 0.13043478260869545
