2 0.7217391431331635 0.19927535578608513 0.17826086282730103 0.21014491468667984
2 0.626630425453186 0.4311594069004059 0.21195650100708008 0.239130437374115
2 0.8266304321587086 0.636956512928009 0.19456521421670914 0.22173917293548584
2 0.623369574546814 0.6528985500335693 0.18369567394256592 0.21594202518463135
0 0.5059782713651657 0.6572463512420654 0.12282606959342957 0.16666662693023682
0 0.44945651292800903 0.5768116116523743 0.14456522464752197 0.19420289993286133
1 0.7135869488120079 0.5007246136665344 0.1097826212644577 0.14347827434539795
2 0.09565216302871704 0.44999998807907104 0.15434777736663818 0.18985509872436523
2 0.1875 0.658695638179779 0.17065215110778809 0.17536234855651855
1 0.21793478727340698 0.4594202935695648 0.11413037776947021 0.1304348111152649
