2 0.8007246442139149 0.27826085686683655 0.21014491468667984 0.17826086282730103
2 0.5688405930995941 0.37336957454681396 0.239130437374115 0.21195650100708008
2 0.36304348707199097 0.17336956784129143 0.22173917293548584 0.19456521421670914
2 0.34710144996643066 0.37663042545318604 0.21594202518463135 0.18369567394256592
0 0.34275364875793457 0.4940217286348343 0.16666662693023682 0.12282606959342957
0 0.42318838834762573 0.550543487071991 0.19420289993286133 0.14456522464752197
1 0.4992753863334656 0.2864130511879921 0.14347827434539795 0.1097826212644577
2 0.550000011920929 0.904347836971283 0.18985509872436523 0.15434777736663818
2 0.34130436182022095 0.8125 0.17536234855651855 0.17065215110778809
1 0.5405797064304352 0.782065212726593 0.1304348111152649 0.11413037776947021
