0 0.2771739363670349 0.7543478012084961 0.08478260040283203 0.1086956262588501
0 0.40923911333084106 0.6847826242446899 0.06847822666168213 0.1086956262588501
2 0.197282612323761 0.5753623247146606 0.03152167797088623 0.05217385292053223
0 0.5342391431331635 0.5173913091421127 0.04891306161880493 0.0985507071018219
2 0.5146739184856415 0.25362318754196167 0.046739161014556885 0.052173912525177
0 0.438586950302124 0.43985506892204285 0.03369569778442383 0.042028963565826416
0 0.458152174949646 0.4942029118537903 0.04456520080566406 0.06376814842224121
0 0.6923913359642029 0.7688405513763428 0.060869574546813965 0.06231880187988281
0 0.802717387676239 0.5746376514434814 0.04456520080566406 0.04492759704589844
2 0.01576089859008789 0.38913044333457947 0.03152179718017578 0.042028963565826416
0 0.42934781312942505 0.4898550808429718 0.03478264808654785 0.049275338649749756
0 0.426086962223053 0.852173924446106 0.05869567394256592 0.09275364875793457
0 0.3592391014099121 0.7862318754196167 0.06413042545318604 0.07681155204772949
0 0.8250000178813934 0.5340579748153687 0.03695648908615112 0.039130449295043945
