2 0.5864130258560181 0.31594201922416687 0.05543482303619385 0.07826083898544312
2 0.551086962223053 0.4014492630958557 0.05652177333831787 0.08115941286087036
2 0.384239137172699 0.41521739959716797 0.04891306161880493 0.0681159496307373
2 0.24184783548116684 0.27826085686683655 0.05326087772846222 0.06666666269302368
2 0.13750000298023224 0.2246376872062683 0.042391300201416016 0.05797100067138672
2 0.717391312122345 0.532608687877655 0.045652151107788086 0.0681159496307373
2 0.7217391133308411 0.6695652008056641 0.04782605171203613 0.08695650100708008
2 0.7771739363670349 0.626086950302124 0.05652177333831787 0.08405792713165283
2 0.9635869860649109 0.8115941882133484 0.04456520080566406 0.06956517696380615
2 0.20597825944423676 0.3920289874076843 0.0467391312122345 0.06231886148452759
2 0.760869562625885 0.689130425453186 0.04347825050354004 0.0681159496307373
2 0.919021725654602 0.802173912525177 0.04456520080566406 0.0681159496307373
2 0.821739137172699 0.5224637389183044 0.039130449295043945 0.06521737575531006
1 0.9614130258560181 0.0391304325312376 0.042391300201416016 0.06956521049141884
1 0.821739137172699 0.1253623180091381 0.03478264808654785 0.050724633038043976
1 0.7456521987915039 0.039130435325205326 0.03478264808654785 0.043478263542056084
