2 0.41358697414398193 0.6840579807758331 0.05543482303619385 0.07826083898544312
2 0.448913037776947 0.5985507369041443 0.05652177333831787 0.08115941286087036
2 0.615760862827301 0.584782600402832 0.04891312122344971 0.0681159496307373
2 0.7581521570682526 0.7217391431331635 0.053260862827301025 0.06666666269302368
2 0.862500011920929 0.7753623127937317 0.042391300201416016 0.05797100067138672
2 0.28260868787765503 0.46739131212234497 0.045652151107788086 0.0681159496307373
2 0.27826088666915894 0.33043479919433594 0.04782605171203613 0.08695650100708008
2 0.2228260636329651 0.373913049697876 0.05652177333831787 0.08405792713165283
2 0.03641301393508911 0.1884058117866516 0.04456520080566406 0.06956517696380615
2 0.794021725654602 0.6079710125923157 0.04673910140991211 0.06231886148452759
2 0.239130437374115 0.31086957454681396 0.04347825050354004 0.0681159496307373
2 0.08097827434539795 0.197826087474823 0.04456520080566406 0.0681159496307373
2 0.17826086282730103 0.47753626108169556 0.039130449295043945 0.06521737575531006
1 0.038586974143981934 0.9608695674687624 0.042391300201416016 0.06956521049141884
1 0.17826086282730103 0.8746376819908619 0.03478264808654785 0.050724633038043976
1 0.2543478012084961 0.9608695646747947 0.03478264808654785 0.043478263542056084
