2 0.586413043478261 0.3159420289855072 0.0554347826086957 0.07826086956521743
2 0.5510869565217392 0.4014492753623189 0.05652173913043477 0.08115942028985508
2 0.38423913043478264 0.41521739130434787 0.04891304347826085 0.06811594202898555
2 0.24184782608695657 0.2782608695652174 0.05326086956521738 0.06666666666666668
2 0.1375 0.22463768115942032 0.04239130434782609 0.05797101449275363
2 0.717391304347826 0.532608695652174 0.045652173913043576 0.06811594202898547
2 0.7217391304347827 0.6695652173913044 0.047826086956521865 0.08695652173913032
2 0.7771739130434782 0.6260869565217391 0.0565217391304351 0.08405797101449275
2 0.9635869565217392 0.8115942028985507 0.044565217391304375 0.06956521739130422
2 0.20597826086956522 0.3920289855072464 0.046739130434782616 0.062318840579710155
2 0.7608695652173912 0.6891304347826087 0.043478260869565306 0.06811594202898547
2 0.9190217391304353 0.8021739130434782 0.044565217391304895 0.06811594202898574
2 0.8217391304347826 0.5224637681159421 0.03913043478260875 0.06521739130434781
1 0.961413043478261 0.0391304347826087 0.04239130434782609 0.06956521739130435
1 0.8217391304347826 0.12536231884057972 0.03478260869565219 0.05072463768115943
1 0.7456521739130434 0.0391304347826087 0.03478260869565219 0.04347826086956522
