2 0.31594201922416687 0.41358697414398193 0.07826083898544312 0.05543482303619385
2 0.4014492630958557 0.448913037776947 0.08115941286087036 0.05652177333831787
2 0.41521739959716797 0.615760862827301 0.0681159496307373 0.04891306161880493
2 0.27826085686683655 0.7581521645188332 0.06666666269302368 0.05326087772846222
2 0.2246376872062683 0.8624999970197678 0.05797100067138672 0.042391300201416016
2 0.532608687877655 0.28260868787765503 0.0681159496307373 0.045652151107788086
2 0.6695652008056641 0.27826088666915894 0.08695650100708008 0.04782605171203613
2 0.626086950302124 0.2228260636329651 0.08405792713165283 0.05652177333831787
2 0.8115941882133484 0.03641301393508911 0.06956517696380615 0.04456520080566406
2 0.3920289874076843 0.7940217405557632 0.06231886148452759 0.0467391312122345
2 0.689130425453186 0.239130437374115 0.0681159496307373 0.04347825050354004
2 0.802173912525177 0.08097827434539795 0.0681159496307373 0.04456520080566406
2 0.5224637389183044 0.17826086282730103 0.06521737575531006 0.039130449295043945
1 0.0391304325312376 0.038586974143981934 0.06956521049141884 0.042391300201416016
1 0.1253623180091381 0.17826086282730103 0.050724633038043976 0.03478264808654785
1 0.039130435325205326 0.2543478012084961 0.043478263542056084 0.03478264808654785
