2 0.30543479323387146 0.2710145115852356 0.08695650100708008 0.14782607555389404
2 0.4326086938381195 0.395652174949646 0.10652172565460205 0.09855067729949951
2 0.375 0.27898550033569336 0.08260869979858398 0.12028980255126953
0 0.282065212726593 0.17463767528533936 0.05978262424468994 0.08840584754943848
1 0.30054348707199097 0.6608695685863495 0.04891306161880493 0.034782588481903076
0 0.614673912525177 0.7297101318836212 0.04456520080566406 0.07391303777694702
2 0.8695651888847351 0.8594202846288681 0.07608699798583984 0.06956520676612854
0 0.447282612323761 0.47608697414398193 0.0358695387840271 0.0362318754196167
0 0.49293477833271027 0.4333333373069763 0.038043469190597534 0.04057967662811279
2 0.7782608866691589 0.5224637687206268 0.04782605171203613 0.07391303777694702
2 0.7239130139350891 0.5384058058261871 0.05217397212982178 0.05942028760910034
