2 0.30543479323387146 0.7289854884147644 0.08695650100708008 0.14782607555389404
2 0.4326086938381195 0.604347825050354 0.10652172565460205 0.09855067729949951
2 0.375 0.7210144996643066 0.08260869979858398 0.12028980255126953
0 0.282065212726593 0.8253623247146606 0.05978262424468994 0.08840584754943848
1 0.30054348707199097 0.3391304314136505 0.04891306161880493 0.034782588481903076
0 0.614673912525177 0.2702898681163788 0.04456520080566406 0.07391303777694702
2 0.8695651888847351 0.1405797153711319 0.07608699798583984 0.06956520676612854
0 0.447282612323761 0.5239130258560181 0.0358695387840271 0.0362318754196167
0 0.49293477833271027 0.5666666626930237 0.038043469190597534 0.04057967662811279
2 0.7782608866691589 0.47753623127937317 0.04782605171203613 0.07391303777694702
2 0.7239130139350891 0.46159419417381287 0.05217397212982178 0.05942028760910034
