2 0.7289854884147644 0.6945651769638062 0.14782607555389404 0.08695650100708008
2 0.604347825050354 0.5673913359642029 0.09855067729949951 0.10652172565460205
2 0.7210144996643066 0.625 0.12028980255126953 0.08260869979858398
0 0.8253623247146606 0.717934787273407 0.08840584754943848 0.05978262424468994
1 0.3391304314136505 0.699456512928009 0.034782588481903076 0.04891312122344971
0 0.2702898681163788 0.385326087474823 0.07391303777694702 0.04456520080566406
2 0.1405797153711319 0.1304348111152649 0.06956520676612854 0.07608699798583984
0 0.5239130258560181 0.552717387676239 0.0362318754196167 0.035869479179382324
0 0.5666666626930237 0.5070652067661285 0.04057967662811279 0.038043439388275146
2 0.47753623127937317 0.22173911333084106 0.07391303777694702 0.04782605171203613
2 0.46159419417381287 0.2760869860649109 0.05942028760910034 0.05217397212982178
