1 0.6429347991943359 0.40289855003356934 0.02499997615814209 0.034782588481903076
2 0.09184782952070236 0.46666666865348816 0.03804348409175873 0.04347825050354004
1 0.22826087474822998 0.2615941986441612 0.023913055658340454 0.04202897846698761
1 0.32065218687057495 0.5021738857030869 0.026086926460266113 0.04782608151435852
0 0.19130434095859528 0.4326086938381195 0.0260869562625885 0.0362318754196167
2 0.648369550704956 0.2188405841588974 0.022826075553894043 0.04057970643043518
1 0.5353260636329651 0.5514492988586426 0.022826075553894043 0.03333330154418945
1 0.19456522166728973 0.7159420251846313 0.03260868787765503 0.03768110275268555
0 0.07500000298023224 0.7775362133979797 0.02826087176799774 0.04202902317047119
0 0.07336956262588501 0.8318840861320496 0.03586956858634949 0.031884074211120605
0 0.044565215706825256 0.8463768362998962 0.030434779822826385 0.031884074211120605
0 0.02717391261830926 0.8608695864677429 0.03043478261679411 0.031884074211120605
2 0.05163043364882469 0.2239130437374115 0.029347829520702362 0.04782608151435852
0 0.058152174577116966 0.2775362432003021 0.033695656806230545 0.030434787273406982
0 0.09239130467176437 0.35217392444610596 0.02826087176799774 0.03768116235733032
0 0.17989130318164825 0.29927536845207214 0.03369566798210144 0.0362318754196167
0 0.436956524848938 0.554347813129425 0.023913025856018066 0.039130449295043945
0 0.333152174949646 0.5797101259231567 0.022826075553894043 0.031884074211120605
1 0.32499998807907104 0.23623188585042953 0.019565224647521973 0.028985515236854553
0 0.47119563817977905 0.7862318754196167 0.022826075553894043 0.039130449295043945
0 0.20217391848564148 0.7442029118537903 0.02173912525177002 0.03333330154418945
