1 0.35706520080566406 0.40289855003356934 0.02499997615814209 0.034782588481903076
2 0.908152163028717 0.46666666865348816 0.03804349899291992 0.04347825050354004
1 0.77173912525177 0.2615941986441612 0.023913025856018066 0.04202897846698761
1 0.679347813129425 0.5021738857030869 0.026086926460266113 0.04782608151435852
0 0.8086956441402435 0.4326086938381195 0.02608698606491089 0.0362318754196167
2 0.35163044929504395 0.2188405841588974 0.022826075553894043 0.04057970643043518
1 0.4646739363670349 0.5514492988586426 0.022826075553894043 0.03333330154418945
1 0.8054347932338715 0.7159420251846313 0.03260868787765503 0.03768110275268555
0 0.9249999821186066 0.7775362133979797 0.028260886669158936 0.04202902317047119
0 0.926630437374115 0.8318840861320496 0.035869598388671875 0.031884074211120605
0 0.9554347693920135 0.8463768362998962 0.030434787273406982 0.031884074211120605
0 0.9728260934352875 0.8608695864677429 0.030434787273406982 0.031884074211120605
2 0.948369562625885 0.2239130437374115 0.029347777366638184 0.04782608151435852
0 0.9418478310108185 0.2775362432003021 0.03369563817977905 0.030434787273406982
0 0.907608687877655 0.35217392444610596 0.02826082706451416 0.03768116235733032
0 0.8201086819171906 0.29927536845207214 0.03369563817977905 0.0362318754196167
0 0.563043475151062 0.554347813129425 0.023913025856018066 0.039130449295043945
0 0.666847825050354 0.5797101259231567 0.022826075553894043 0.031884074211120605
1 0.675000011920929 0.23623188585042953 0.019565224647521973 0.028985515236854553
0 0.528804361820221 0.7862318754196167 0.022826075553894043 0.039130449295043945
0 0.7978261113166809 0.7442029118537903 0.02173912525177002 0.03333330154418945
