1 0.9514492731541395 0.374456524848938 0.07971015200018883 0.04891306161880493
1 0.8876811563968658 0.5907608866691589 0.0623188316822052 0.03804349899291992
2 0.5449275374412537 0.5760869383811951 0.08115941286087036 0.08695650100708008
2 0.4855072498321533 0.5967391133308411 0.0724637508392334 0.08260869979858398
2 0.43405795097351074 0.689673900604248 0.12318837642669678 0.08152174949645996
2 0.3797101378440857 0.7961956262588501 0.1449275016784668 0.07282614707946777
0 0.563043475151062 0.38749998807907104 0.08260869979858398 0.053260862827301025
0 0.3485507369041443 0.14293478056788445 0.0681159496307373 0.04891303926706314
0 0.4797101467847824 0.134782612323761 0.05217394232749939 0.05869564414024353
2 0.6804347932338715 0.16032609343528748 0.07391303777694702 0.05108696222305298
2 0.7673913091421127 0.249456524848938 0.06521740555763245 0.05108696222305298
0 0.8449275307357311 0.2402173951268196 0.06086956709623337 0.047826096415519714
0 0.6028985381126404 0.291847825050354 0.06956523656845093 0.042391300201416016
0 0.6036231815814972 0.32608696818351746 0.05942028760910034 0.034782588481903076
0 0.6246376931667328 0.36793479323387146 0.031884074211120605 0.02499997615814209
0 0.6195652186870575 0.23749999701976776 0.06521737575531006 0.048913031816482544
