1 0.625543475151062 0.04855072684586048 0.048913002014160156 0.07971015200018883
1 0.40923911333084106 0.11231884360313416 0.03804349899291992 0.0623188316822052
2 0.42391306161880493 0.45507246255874634 0.08695650100708008 0.08115941286087036
2 0.40326088666915894 0.5144927501678467 0.08260869979858398 0.0724637508392334
2 0.31032609939575195 0.5659420490264893 0.08152174949645996 0.12318837642669678
2 0.2038043737411499 0.6202898621559143 0.07282614707946777 0.1449275016784668
0 0.612500011920929 0.436956524848938 0.0532609224319458 0.08260869979858398
0 0.8570652306079865 0.6514492630958557 0.04891306161880493 0.0681159496307373
0 0.865217387676239 0.5202898532152176 0.05869567394256592 0.05217394232749939
2 0.8396739065647125 0.31956520676612854 0.05108696222305298 0.07391303777694702
2 0.750543475151062 0.23260869085788727 0.0510869026184082 0.06521740555763245
0 0.7597825825214386 0.15507246926426888 0.04782611131668091 0.06086956709623337
0 0.708152174949646 0.3971014618873596 0.042391300201416016 0.06956523656845093
0 0.6739130318164825 0.3963768184185028 0.034782588481903076 0.05942028760910034
0 0.6320652365684509 0.3753623068332672 0.02499997615814209 0.031884074211120605
0 0.7625000178813934 0.3804347813129425 0.04891306161880493 0.06521737575531006
