2 0.3695652186870575 0.1927536278963089 0.05869567394256592 0.0985507071018219
0 0.03423913102596998 0.4376811683177948 0.03586956299841404 0.034782588481903076
0 0.10760869830846786 0.5811594128608704 0.03260870277881622 0.03478264808654785
1 0.7010869383811951 0.40434783697128296 0.039130449295043945 0.049275338649749756
1 0.751630425453186 0.38695651292800903 0.03369569778442383 0.04347825050354004
0 0.6842391490936279 0.22246377170085907 0.035869598388671875 0.05652174353599548
0 0.49239131808280945 0.3905797004699707 0.034782588481903076 0.04492753744125366
0 0.5972825884819031 0.4434782564640045 0.03152167797088623 0.034782588481903076
0 0.7222825884819031 0.24565216898918152 0.029347777366638184 0.04492753744125366
2 0.2961956560611725 0.4833333194255829 0.02934783697128296 0.042028963565826416
0 0.08967391401529312 0.5398550629615784 0.03586956858634949 0.0362318754196167
