2 0.6304348111152649 0.1927536278963089 0.05869567394256592 0.0985507071018219
0 0.9657608568668365 0.4376811683177948 0.0358695387840271 0.034782588481903076
0 0.8923912942409515 0.5811594128608704 0.03260868787765503 0.03478264808654785
1 0.29891306161880493 0.40434783697128296 0.039130449295043945 0.049275338649749756
1 0.24836957454681396 0.38695651292800903 0.03369569778442383 0.04347825050354004
0 0.31576085090637207 0.22246377170085907 0.035869598388671875 0.05652174353599548
0 0.5076086819171906 0.3905797004699707 0.034782588481903076 0.04492753744125366
0 0.4027174115180969 0.4434782564640045 0.03152167797088623 0.034782588481903076
0 0.2777174115180969 0.24565216898918152 0.029347777366638184 0.04492753744125366
2 0.7038043439388275 0.4833333194255829 0.02934783697128296 0.042028963565826416
0 0.9103260934352875 0.5398550629615784 0.0358695387840271 0.0362318754196167
