1 0.7255434989929199 0.710869550704956 0.03369569778442383 0.04492759704589844
1 0.7440217137336731 0.7007246613502502 0.035869598388671875 0.039130449295043945
2 0.47119563817977905 0.3268115818500519 0.027173936367034912 0.0362318754196167
1 0.5565217137336731 0.37246376276016235 0.023913025856018066 0.026086926460266113
1 0.7538043260574341 0.5376811623573303 0.027173876762390137 0.04347825050354004
2 0.28423914313316345 0.42536231875419617 0.031521737575531006 0.0362318754196167
1 0.967934787273407 0.5369565486907959 0.03152167797088623 0.04202902317047119
1 0.5358695387840271 0.4166666567325592 0.023913025856018066 0.039130449295043945
1 0.38913044333457947 0.3398550748825073 0.023913025856018066 0.03333336114883423
1 0.554347813129425 0.3485507369041443 0.02826082706451416 0.027536213397979736
0 0.563043475151062 0.2753623127937317 0.026086926460266113 0.02898550033569336
