1 0.2744565010070801 0.28913044929504395 0.03369569778442383 0.04492759704589844
1 0.2559782862663269 0.29927533864974976 0.035869598388671875 0.039130449295043945
2 0.528804361820221 0.6731884181499481 0.027173876762390137 0.0362318754196167
1 0.4434782862663269 0.6275362372398376 0.023913025856018066 0.026086926460266113
1 0.24619567394256592 0.4623188376426697 0.027173876762390137 0.04347825050354004
2 0.7157608568668365 0.5746376812458038 0.031521737575531006 0.0362318754196167
1 0.03206521272659302 0.4630434513092041 0.03152167797088623 0.04202902317047119
1 0.4641304612159729 0.5833333432674408 0.023913025856018066 0.039130449295043945
1 0.6108695864677429 0.6601449251174927 0.023913025856018066 0.03333336114883423
1 0.44565218687057495 0.6514492630958557 0.02826082706451416 0.027536213397979736
0 0.436956524848938 0.7246376872062683 0.026086926460266113 0.02898550033569336
