0 0.699999988079071 0.70652174949646 0.07536232471466064 0.054347872734069824
0 0.5884057879447937 0.584782600402832 0.06956517696380615 0.04347825050354004
1 0.5282609015703201 0.552717387676239 0.05942031741142273 0.048913002014160156
1 0.5782608985900879 0.36250001192092896 0.07536232471466064 0.06195652484893799
1 0.488405779004097 0.23206523060798645 0.06086954474449158 0.059782564640045166
2 0.5253623127937317 0.11141303181648254 0.04782605171203613 0.031521737575531006
1 0.7920289635658264 0.407065212726593 0.07681155204772949 0.06630432605743408
2 0.8898550868034363 0.5152173936367035 0.12173914909362793 0.07608693838119507
0 0.8920289874076843 0.675000011920929 0.07971012592315674 0.05652177333831787
0 0.8268116116523743 0.7114130258560181 0.06231880187988281 0.04673910140991211
0 0.7724637389183044 0.709782600402832 0.06376814842224121 0.054347872734069824
1 0.8260869383811951 0.436956524848938 0.06956517696380615 0.04999995231628418
2 0.8702898621559143 0.41467392444610596 0.10289859771728516 0.057608723640441895
0 0.8826087117195129 0.44021740555763245 0.06956517696380615 0.028260886669158936
1 0.6630434989929199 0.35054346919059753 0.06521737575531006 0.053260862827301025
1 0.5471014380455017 0.2559782862663269 0.0681159496307373 0.06195652484893799
2 0.5355072617530823 0.301630437374115 0.05072462558746338 0.051087021827697754
