0 0.70652174949646 0.699999988079071 0.054347872734069824 0.07536232471466064
0 0.584782600402832 0.5884057879447937 0.04347825050354004 0.06956517696380615
1 0.552717387676239 0.5282609015703201 0.048913002014160156 0.05942031741142273
1 0.36250001192092896 0.5782608985900879 0.06195652484893799 0.07536232471466064
1 0.23206521570682526 0.488405779004097 0.059782594442367554 0.06086954474449158
2 0.11141304671764374 0.5253623127937317 0.031521737575531006 0.04782605171203613
1 0.407065212726593 0.7920289635658264 0.06630432605743408 0.07681155204772949
2 0.5152173787355423 0.8898550868034363 0.07608696818351746 0.12173914909362793
0 0.675000011920929 0.8920289874076843 0.05652177333831787 0.07971012592315674
0 0.7114130258560181 0.8268116116523743 0.04673910140991211 0.06231880187988281
0 0.709782600402832 0.7724637389183044 0.054347872734069824 0.06376814842224121
1 0.436956524848938 0.8260869383811951 0.050000011920928955 0.06956517696380615
2 0.41467392444610596 0.8702898621559143 0.057608723640441895 0.10289859771728516
0 0.44021740555763245 0.8826087117195129 0.028260886669158936 0.06956517696380615
1 0.35054346919059753 0.6630434989929199 0.053260862827301025 0.06521737575531006
1 0.2559782564640045 0.5471014380455017 0.06195652484893799 0.0681159496307373
2 0.301630437374115 0.5355072617530823 0.05108696222305298 0.05072462558746338
