0 0.29347825050354004 0.30000001192092896 0.054347872734069824 0.07536232471466064
0 0.41521739959716797 0.4115942120552063 0.04347825050354004 0.06956517696380615
1 0.447282612323761 0.47173909842967987 0.048913002014160156 0.05942031741142273
1 0.637499988079071 0.4217391014099121 0.06195652484893799 0.07536232471466064
1 0.7679347693920135 0.511594220995903 0.059782564640045166 0.06086954474449158
2 0.8885869681835175 0.4746376872062683 0.031521737575531006 0.04782605171203613
1 0.592934787273407 0.20797103643417358 0.06630432605743408 0.07681155204772949
2 0.4847826063632965 0.11014491319656372 0.07608693838119507 0.12173914909362793
0 0.32499998807907104 0.10797101259231567 0.05652177333831787 0.07971012592315674
0 0.28858697414398193 0.17318838834762573 0.04673910140991211 0.06231880187988281
0 0.29021739959716797 0.22753626108169556 0.054347872734069824 0.06376814842224121
1 0.563043475151062 0.17391306161880493 0.04999995231628418 0.06956517696380615
2 0.585326075553894 0.1297101378440857 0.057608723640441895 0.10289859771728516
0 0.5597825944423676 0.11739128828048706 0.028260886669158936 0.06956517696380615
1 0.6494565308094025 0.3369565010070801 0.053260862827301025 0.06521737575531006
1 0.7440217137336731 0.4528985619544983 0.06195652484893799 0.0681159496307373
2 0.698369562625885 0.4644927382469177 0.051087021827697754 0.05072462558746338
