2 0.49619564414024353 0.9021739177405834 0.09239131212234497 0.08550723642110825
2 0.47554345428943634 0.5920289754867554 0.10326084494590759 0.10000002384185791
1 0.5891304612159729 0.5195652395486832 0.10652172565460205 0.10579708218574524
2 0.7548912763595581 0.24130433797836304 0.07500004768371582 0.14927542209625244
2 0.841304361820221 0.26376813650131226 0.104347825050354 0.1449275016784668
1 0.770108699798584 0.458695650100708 0.09021735191345215 0.12608695030212402
0 0.552717387676239 0.9586956538259983 0.05978262424468994 0.07971014827489853
2 0.643478274345398 0.31086957454681396 0.06956517696380615 0.09710144996643066
2 0.949456512928009 0.49202899634838104 0.10108697414398193 0.11739131808280945
0 0.4532608687877655 0.8413043469190598 0.05434781312942505 0.05652174353599548
