0 0.146195650100708 0.6050724387168884 0.022826075553894043 0.0362318754196167
0 0.134782612323761 0.6384057998657227 0.026086926460266113 0.03333330154418945
1 0.1728261113166809 0.6159420013427734 0.023913025856018066 0.03768110275268555
0 0.04021739959716797 0.5188405364751816 0.02173912525177002 0.04057970643043518
0 0.05923914909362793 0.32608696818351746 0.027173876762390137 0.049275338649749756
0 0.10108697414398193 0.3384057879447937 0.02826082706451416 0.03333336114883423
0 0.14782607555389404 0.39275363087654114 0.02826082706451416 0.03768116235733032
0 0.20054346323013306 0.5753623247146606 0.022826075553894043 0.031884074211120605
0 0.17445653676986694 0.6507246494293213 0.027173876762390137 0.03478264808654785
2 0.35271739959716797 0.14130434393882751 0.027173876762390137 0.030434787273406982
0 0.36684781312942505 0.18115942180156708 0.022826075553894043 0.034782618284225464
0 0.447826087474823 0.14492753148078918 0.023913025856018066 0.0260869562625885
