0 0.416304349899292 0.7014492750167847 0.06521737575531006 0.11594200134277344
2 0.560869574546814 0.6681159138679504 0.06956517696380615 0.13043475151062012
1 0.554347813129425 0.36811593174934387 0.08260869979858398 0.12173914909362793
1 0.6625000238418579 0.3275362253189087 0.09021735191345215 0.13043475151062012
2 0.6923912763595581 0.0731884092092514 0.0369565486907959 0.06521739065647125
0 0.821739137172699 0.5195652395486832 0.030434727668762207 0.04492756724357605
0 0.83423912525177 0.14130434021353722 0.042391300201416016 0.050724633038043976
1 0.7864130139350891 0.0985507220029831 0.03804349899291992 0.052173912525177
0 0.9206521511077881 0.5181159377098083 0.032608747482299805 0.05072462558746338
0 0.907608687877655 0.5688405632972717 0.0369565486907959 0.05072462558746338
0 0.5972825884819031 0.4942028969526291 0.048913002014160156 0.06956520676612854
0 0.8788043260574341 0.5202898383140564 0.02499997615814209 0.04347825050354004
