2 0.09673912450671196 0.7289854884147644 0.10217390209436417 0.15942025184631348
0 0.19891303777694702 0.6985507011413574 0.08478260040283203 0.08695650100708008
0 0.166304349899292 0.8094202876091003 0.07391303777694702 0.09710144996643066
2 0.623913049697876 0.6623188257217407 0.10652172565460205 0.17391300201416016
2 0.6733695864677429 0.9289855360984802 0.11195647716522217 0.14202892780303955
2 0.5478261113166809 0.4057970941066742 0.0739130973815918 0.11884057521820068
0 0.4989130347967148 0.3920289874076843 0.04782608151435852 0.06521737575531006
2 0.4429347813129425 0.30000001192092896 0.06413042545318604 0.11014491319656372
2 0.416304349899292 0.2492753565311432 0.050000011920928955 0.0724637508392334
0 0.363586962223053 0.20942029356956482 0.06195652484893799 0.0623188316822052
