2 0.9032608866691589 0.7289854884147644 0.10217392444610596 0.15942025184631348
0 0.801086962223053 0.6985507011413574 0.08478260040283203 0.08695650100708008
0 0.833695650100708 0.8094202876091003 0.0739130973815918 0.09710144996643066
2 0.376086950302124 0.6623188257217407 0.10652172565460205 0.17391300201416016
2 0.3266304135322571 0.9289855360984802 0.11195647716522217 0.14202892780303955
2 0.4521738886833191 0.4057970941066742 0.0739130973815918 0.11884057521820068
0 0.501086950302124 0.3920289874076843 0.04782605171203613 0.06521737575531006
2 0.5570651888847351 0.30000001192092896 0.06413042545318604 0.11014491319656372
2 0.583695650100708 0.2492753565311432 0.04999995231628418 0.0724637508392334
0 0.636413037776947 0.20942029356956482 0.06195652484893799 0.0623188316822052
