1 0.686413049697876 0.5340579748153687 0.029347896575927734 0.027536213397979736
1 0.6695652306079865 0.5688405930995941 0.028260886669158936 0.030434787273406982
1 0.0369565486907959 0.36594200134277344 0.03478264808654785 0.02753627300262451
1 0.09565216302871704 0.3166666626930237 0.039130449295043945 0.030434727668762207
1 0.016304373741149902 0.2673913240432739 0.032608747482299805 0.05072462558746338
1 0.697826087474823 0.5652174055576324 0.032608628273010254 0.03768116235733032
2 0.508152186870575 0.8369565159082413 0.02499997615814209 0.04492753744125366
1 0.2972826361656189 0.7739130407571793 0.01847827434539795 0.04057970643043518
1 0.35706520080566406 0.49130433797836304 0.016304373741149902 0.031884074211120605
1 0.303260862827301 0.6594202816486359 0.019565224647521973 0.031884074211120605
