1 0.313586950302124 0.46594202518463135 0.02934783697128296 0.027536213397979736
1 0.33043476939201355 0.4311594069004059 0.028260886669158936 0.030434787273406982
1 0.9630434513092041 0.6340579986572266 0.03478264808654785 0.02753627300262451
1 0.904347836971283 0.6833333373069763 0.039130449295043945 0.030434727668762207
1 0.9836956262588501 0.7326086759567261 0.032608747482299805 0.05072462558746338
1 0.302173912525177 0.43478259444236755 0.03260868787765503 0.03768116235733032
2 0.49184781312942505 0.16304348409175873 0.02499997615814209 0.04492753744125366
1 0.7027173638343811 0.22608695924282074 0.01847827434539795 0.04057970643043518
1 0.6429347991943359 0.508695662021637 0.016304373741149902 0.031884074211120605
1 0.696739137172699 0.34057971835136414 0.019565224647521973 0.031884074211120605
