1 0.1201086938381195 0.4521739184856415 0.031521737575531006 0.046376824378967285
1 0.240217387676239 0.4521739184856415 0.03260868787765503 0.04347825050354004
2 0.45543476939201355 0.4536231756210327 0.034782588481903076 0.04057973623275757
1 0.601630449295044 0.4804347902536392 0.029347777366638184 0.04492756724357605
2 0.45543476939201355 0.5507246255874634 0.039130449295043945 0.05507242679595947
1 0.468478262424469 0.5268115997314453 0.03260868787765503 0.05072462558746338
0 0.6277173757553101 0.4905797094106674 0.03152179718017578 0.03333333134651184
0 0.637499988079071 0.27318841218948364 0.027173876762390137 0.04492753744125366
0 0.6619565486907959 0.25 0.03478264808654785 0.053623199462890625
1 0.177173912525177 0.6181159615516663 0.028260856866836548 0.039130449295043945
1 0.20597825944423676 0.606521725654602 0.02934783697128296 0.05652177333831787
1 0.6092391014099121 0.541304349899292 0.022826075553894043 0.03333330154418945
2 0.017934782430529594 0.22246377170085907 0.03586956486105919 0.0623188316822052
0 0.375 0.5202898383140564 0.023913025856018066 0.031884074211120605
0 0.6282608509063721 0.43985506892204285 0.026086926460266113 0.0362318754196167
0 0.38804349303245544 0.552173912525177 0.023913025856018066 0.031884074211120605
