1 0.4521739184856415 0.1201086938381195 0.046376824378967285 0.031521737575531006
1 0.4521739184856415 0.240217387676239 0.04347825050354004 0.032608628273010254
2 0.4536231756210327 0.45543476939201355 0.04057973623275757 0.034782588481903076
1 0.4804347902536392 0.601630449295044 0.04492756724357605 0.029347777366638184
2 0.5507246255874634 0.45543479919433594 0.05507242679595947 0.039130449295043945
1 0.5268115997314453 0.468478262424469 0.05072462558746338 0.032608628273010254
0 0.4905797094106674 0.6277173757553101 0.03333333134651184 0.03152179718017578
0 0.27318841218948364 0.637499988079071 0.04492753744125366 0.027173876762390137
0 0.25 0.6619565486907959 0.053623199462890625 0.03478264808654785
1 0.6181159615516663 0.177173912525177 0.039130449295043945 0.02826082706451416
1 0.606521725654602 0.20597824454307556 0.05652177333831787 0.02934783697128296
1 0.541304349899292 0.6092391014099121 0.03333330154418945 0.022826075553894043
2 0.22246377170085907 0.01793476939201355 0.0623188316822052 0.0358695387840271
0 0.5202898383140564 0.375 0.031884074211120605 0.023913025856018066
0 0.43985506892204285 0.6282608509063721 0.0362318754196167 0.026086926460266113
0 0.552173912525177 0.38804346323013306 0.031884074211120605 0.023913025856018066
