2 0.9594202637672424 0.5239130556583405 0.08115947246551514 0.05434781312942505
2 0.41376811265945435 0.365217387676239 0.07101452350616455 0.05652177333831787
1 0.47101449966430664 0.35326087474823 0.05507248640060425 0.05652165412902832
0 0.050724636763334274 0.5652173757553101 0.06666667014360428 0.04347825050354004
0 0.024637680500745773 0.302717387676239 0.04927536100149155 0.05543482303619385
1 0.4000000059604645 0.17336955666542053 0.034782588481903076 0.038043439388275146
1 0.7659420371055603 0.49728262424468994 0.053623199462890625 0.04456520080566406
1 0.3753623068332672 0.8298913240432739 0.06376808881759644 0.05543482303619385
0 0.06956521421670914 0.967391312122345 0.052173912525177 0.03478264808654785
0 0.11014493182301521 0.9630434513092041 0.06086956709623337 0.02826082706451416
0 0.04057970829308033 0.9326087236404419 0.052173908799886703 0.039130449295043945
0 0.47753624618053436 0.7956521511077881 0.05072465538978577 0.04347825050354004
0 0.5282608866691589 0.782608687877655 0.039130449295043945 0.04347825050354004
0 0.5528985261917114 0.813043475151062 0.039130449295043945 0.04347825050354004
1 0.21159420907497406 0.544021725654602 0.052173912525177 0.03804349899291992
1 0.09057971090078354 0.4847826063632965 0.05072464048862457 0.030434787273406982
