2 0.47608695924282074 0.04057973623275757 0.054347842931747437 0.08115947246551514
2 0.634782612323761 0.5862318873405457 0.056521713733673096 0.07101452350616455
1 0.64673912525177 0.5289855003356934 0.056521713733673096 0.05507248640060425
0 0.43478262424468994 0.9492753632366657 0.04347825050354004 0.06666667014360428
0 0.697282612323761 0.9753623194992542 0.05543476343154907 0.04927536100149155
1 0.8266304284334183 0.5999999940395355 0.038043469190597534 0.034782588481903076
1 0.5027173906564713 0.2340579628944397 0.04456523060798645 0.053623199462890625
1 0.17010867595672607 0.6246376931667328 0.05543482303619385 0.06376808881759644
0 0.03260868787765503 0.9304347857832909 0.03478264808654785 0.052173912525177
0 0.0369565486907959 0.8898550681769848 0.02826082706451416 0.06086956709623337
0 0.0673912763595581 0.9594202917069197 0.039130449295043945 0.052173908799886703
0 0.20434784889221191 0.5224637538194656 0.04347825050354004 0.05072465538978577
0 0.21739131212234497 0.47173911333084106 0.04347825050354004 0.039130449295043945
0 0.186956524848938 0.4471014738082886 0.04347825050354004 0.039130449295043945
1 0.45597827434539795 0.7884057909250259 0.03804349899291992 0.052173912525177
1 0.5152173936367035 0.9094202890992165 0.030434787273406982 0.05072464048862457
